name               DischargeRegion_0_Port_0
index              1
type               Discharge
regionIndex        1
x_coordinate       10180
y_coordinate       18762
fixedPortFee       62
numBerths          1
maxAmountPerPeriod 378
minAmountPerPeriod 95
capacity           336
initialInventory   168
consumption        42 42 42 42 42 42 42 42 42 42 42 42 42 42 42 42 42 42 42 42 42 42 42 42 42 42 42 42 42 42 42 42 42 42 42 42 42 42 42 42 42 42 42 42 42 42 42 42 42 42 42 42 42 42 42 42 42 42 42 42 42 42 42 42 42 42 42 42 42 42 42 42 42 42 42 42 42 42 42 42 42 42 42 42 42 42 42 42 42 42 42 42 42 42 42 42 42 42 42 42 42 42 42 42 42 42 42 42 42 42 42 42 42 42 42 42 42 42 42 42 42 42 42 42 42 42 42 42 42 42 42 42 42 42 42 42 42 42 42 42 42 42 42 42 42 42 42 42 42 42 42 42 42 42 42 42 42 42 42 42 42 42 42 42 42 42 42 42 42 42 42 42 42 42 42 42 42 42 42 42 42 42 42 42 42 42 42 42 42 42 42 42 42 42 42 42 42 42 42 42 42 42 42 42 42 42 42 42 42 42 42 42 42 42 42 42 42 42 42 42 42 42 42 42 42 42 42 42 42 42 42 42 42 42 42 42 42 42 42 42 42 42 42 42 42 42 42 42 42 42 42 42 42 42 42 42 42 42 42 42 42 42 42 42 42 42 42 42 42 42 42 42 42 42 42 42 42 42 42 42 42 42 42 42 42 42 42 42 42 42 42 42 42 42 42 42 42 42 42 42 42 42 42 42 42 42 42 42 42 42 42 42 42 42 42 42 42 42 42 42 42 42 42 42 42 42 42 42 42 42 42 42 42 42 42 42 42 42 42 42 42 42 42 42 42 42 42 42 42 42 42 42 42 42 42 42 42 42 42 42
revenue            5.03 5.03 5.03 5.03 5.03 5.03 5.03 5.03 5.03 5.03 5.03 5.03 5.03 5.03 5.03 5.03 5.03 5.03 5.03 5.03 5.03 5.03 5.03 5.03 5.03 5.03 5.03 5.03 5.03 5.03 5.03 5.03 5.03 5.03 5.03 5.03 5.03 5.03 5.03 5.03 5.03 5.03 5.03 5.03 5.03 5.03 5.03 5.03 5.03 5.03 5.03 5.03 5.03 5.03 5.03 5.03 5.03 5.03 5.03 5.03 5.03 5.03 5.03 5.03 5.03 5.03 5.03 5.03 5.03 5.03 5.03 5.03 5.03 5.03 5.03 5.03 5.03 5.03 5.03 5.03 5.03 5.03 5.03 5.03 5.03 5.03 5.03 5.03 5.03 5.03 5.03 5.03 5.03 5.03 5.03 5.03 5.03 5.03 5.03 5.03 5.03 5.03 5.03 5.03 5.03 5.03 5.03 5.03 5.03 5.03 5.03 5.03 5.03 5.03 5.03 5.03 5.03 5.03 5.03 5.03 5.03 5.03 5.03 5.03 5.03 5.03 5.03 5.03 5.03 5.03 5.03 5.03 5.03 5.03 5.03 5.03 5.03 5.03 5.03 5.03 5.03 5.03 5.03 5.03 5.03 5.03 5.03 5.03 5.03 5.03 5.03 5.03 5.03 5.03 5.03 5.03 5.03 5.03 5.03 5.03 5.03 5.03 5.03 5.03 5.03 5.03 5.03 5.03 5.03 5.03 5.03 5.03 5.03 5.03 5.03 5.03 5.03 5.03 5.03 5.03 5.03 5.03 5.03 5.03 5.03 5.03 5.03 5.03 5.03 5.03 5.03 5.03 5.03 5.03 5.03 5.03 5.03 5.03 5.03 5.03 5.03 5.03 5.03 5.03 5.03 5.03 5.03 5.03 5.03 5.03 5.03 5.03 5.03 5.03 5.03 5.03 5.03 5.03 5.03 5.03 5.03 5.03 5.03 5.03 5.03 5.03 5.03 5.03 5.03 5.03 5.03 5.03 5.03 5.03 5.03 5.03 5.03 5.03 5.03 5.03 5.03 5.03 5.03 5.03 5.03 5.03 5.03 5.03 5.03 5.03 5.03 5.03 5.03 5.03 5.03 5.03 5.03 5.03 5.03 5.03 5.03 5.03 5.03 5.03 5.03 5.03 5.03 5.03 5.03 5.03 5.03 5.03 5.03 5.03 5.03 5.03 5.03 5.03 5.03 5.03 5.03 5.03 5.03 5.03 5.03 5.03 5.03 5.03 5.03 5.03 5.03 5.03 5.03 5.03 5.03 5.03 5.03 5.03 5.03 5.03 5.03 5.03 5.03 5.03 5.03 5.03 5.03 5.03 5.03 5.03 5.03 5.03 5.03 5.03 5.03 5.03 5.03 5.03 5.03 5.03 5.03 5.03 5.03 5.03 5.03 5.03 5.03 5.03 5.03 5.03 5.03 5.03 5.03 5.03 5.03 5.03 5.03 5.03 5.03 5.03 5.03 5.03 5.03 5.03 5.03 5.03 5.03 5.03 5.03 5.03 5.03 5.03 5.03 5.03 5.03 5.03 5.03 5.03 5.03 5.03
name               DischargeRegion_0_Port_1
index              2
type               Discharge
regionIndex        1
x_coordinate       10397
y_coordinate       19480
fixedPortFee       59
numBerths          1
maxAmountPerPeriod 315
minAmountPerPeriod 85
capacity           396
initialInventory   198
consumption        36 36 36 36 36 36 36 36 36 36 36 36 36 36 36 36 36 36 36 36 36 36 36 36 36 36 36 36 36 36 36 36 36 36 36 36 36 36 36 36 36 36 36 36 36 36 36 36 36 36 36 36 36 36 36 36 36 36 36 36 36 36 36 36 36 36 36 36 36 36 36 36 36 36 36 36 36 36 36 36 36 36 36 36 36 36 36 36 36 36 36 36 36 36 36 36 36 36 36 36 36 36 36 36 36 36 36 36 36 36 36 36 36 36 36 36 36 36 36 36 36 36 36 36 36 36 36 36 36 36 36 36 36 36 36 36 36 36 36 36 36 36 36 36 36 36 36 36 36 36 36 36 36 36 36 36 36 36 36 36 36 36 36 36 36 36 36 36 36 36 36 36 36 36 36 36 36 36 36 36 36 36 36 36 36 36 36 36 36 36 36 36 36 36 36 36 36 36 36 36 36 36 36 36 36 36 36 36 36 36 36 36 36 36 36 36 36 36 36 36 36 36 36 36 36 36 36 36 36 36 36 36 36 36 36 36 36 36 36 36 36 36 36 36 36 36 36 36 36 36 36 36 36 36 36 36 36 36 36 36 36 36 36 36 36 36 36 36 36 36 36 36 36 36 36 36 36 36 36 36 36 36 36 36 36 36 36 36 36 36 36 36 36 36 36 36 36 36 36 36 36 36 36 36 36 36 36 36 36 36 36 36 36 36 36 36 36 36 36 36 36 36 36 36 36 36 36 36 36 36 36 36 36 36 36 36 36 36 36 36 36 36 36 36 36 36 36 36 36 36 36 36 36 36 36 36 36 36 36 36
revenue            5.03 5.03 5.03 5.03 5.03 5.03 5.03 5.03 5.03 5.03 5.03 5.03 5.03 5.03 5.03 5.03 5.03 5.03 5.03 5.03 5.03 5.03 5.03 5.03 5.03 5.03 5.03 5.03 5.03 5.03 5.03 5.03 5.03 5.03 5.03 5.03 5.03 5.03 5.03 5.03 5.03 5.03 5.03 5.03 5.03 5.03 5.03 5.03 5.03 5.03 5.03 5.03 5.03 5.03 5.03 5.03 5.03 5.03 5.03 5.03 5.03 5.03 5.03 5.03 5.03 5.03 5.03 5.03 5.03 5.03 5.03 5.03 5.03 5.03 5.03 5.03 5.03 5.03 5.03 5.03 5.03 5.03 5.03 5.03 5.03 5.03 5.03 5.03 5.03 5.03 5.03 5.03 5.03 5.03 5.03 5.03 5.03 5.03 5.03 5.03 5.03 5.03 5.03 5.03 5.03 5.03 5.03 5.03 5.03 5.03 5.03 5.03 5.03 5.03 5.03 5.03 5.03 5.03 5.03 5.03 5.03 5.03 5.03 5.03 5.03 5.03 5.03 5.03 5.03 5.03 5.03 5.03 5.03 5.03 5.03 5.03 5.03 5.03 5.03 5.03 5.03 5.03 5.03 5.03 5.03 5.03 5.03 5.03 5.03 5.03 5.03 5.03 5.03 5.03 5.03 5.03 5.03 5.03 5.03 5.03 5.03 5.03 5.03 5.03 5.03 5.03 5.03 5.03 5.03 5.03 5.03 5.03 5.03 5.03 5.03 5.03 5.03 5.03 5.03 5.03 5.03 5.03 5.03 5.03 5.03 5.03 5.03 5.03 5.03 5.03 5.03 5.03 5.03 5.03 5.03 5.03 5.03 5.03 5.03 5.03 5.03 5.03 5.03 5.03 5.03 5.03 5.03 5.03 5.03 5.03 5.03 5.03 5.03 5.03 5.03 5.03 5.03 5.03 5.03 5.03 5.03 5.03 5.03 5.03 5.03 5.03 5.03 5.03 5.03 5.03 5.03 5.03 5.03 5.03 5.03 5.03 5.03 5.03 5.03 5.03 5.03 5.03 5.03 5.03 5.03 5.03 5.03 5.03 5.03 5.03 5.03 5.03 5.03 5.03 5.03 5.03 5.03 5.03 5.03 5.03 5.03 5.03 5.03 5.03 5.03 5.03 5.03 5.03 5.03 5.03 5.03 5.03 5.03 5.03 5.03 5.03 5.03 5.03 5.03 5.03 5.03 5.03 5.03 5.03 5.03 5.03 5.03 5.03 5.03 5.03 5.03 5.03 5.03 5.03 5.03 5.03 5.03 5.03 5.03 5.03 5.03 5.03 5.03 5.03 5.03 5.03 5.03 5.03 5.03 5.03 5.03 5.03 5.03 5.03 5.03 5.03 5.03 5.03 5.03 5.03 5.03 5.03 5.03 5.03 5.03 5.03 5.03 5.03 5.03 5.03 5.03 5.03 5.03 5.03 5.03 5.03 5.03 5.03 5.03 5.03 5.03 5.03 5.03 5.03 5.03 5.03 5.03 5.03 5.03 5.03 5.03 5.03 5.03 5.03 5.03 5.03 5.03 5.03 5.03 5.03
name               DischargeRegion_0_Port_2
index              3
type               Discharge
regionIndex        1
x_coordinate       10109
y_coordinate       19119
fixedPortFee       44
numBerths          1
maxAmountPerPeriod 240
minAmountPerPeriod 90
capacity           480
initialInventory   240
consumption        32 32 32 32 32 32 32 32 32 32 32 32 32 32 32 32 32 32 32 32 32 32 32 32 32 32 32 32 32 32 32 32 32 32 32 32 32 32 32 32 32 32 32 32 32 32 32 32 32 32 32 32 32 32 32 32 32 32 32 32 32 32 32 32 32 32 32 32 32 32 32 32 32 32 32 32 32 32 32 32 32 32 32 32 32 32 32 32 32 32 32 32 32 32 32 32 32 32 32 32 32 32 32 32 32 32 32 32 32 32 32 32 32 32 32 32 32 32 32 32 32 32 32 32 32 32 32 32 32 32 32 32 32 32 32 32 32 32 32 32 32 32 32 32 32 32 32 32 32 32 32 32 32 32 32 32 32 32 32 32 32 32 32 32 32 32 32 32 32 32 32 32 32 32 32 32 32 32 32 32 32 32 32 32 32 32 32 32 32 32 32 32 32 32 32 32 32 32 32 32 32 32 32 32 32 32 32 32 32 32 32 32 32 32 32 32 32 32 32 32 32 32 32 32 32 32 32 32 32 32 32 32 32 32 32 32 32 32 32 32 32 32 32 32 32 32 32 32 32 32 32 32 32 32 32 32 32 32 32 32 32 32 32 32 32 32 32 32 32 32 32 32 32 32 32 32 32 32 32 32 32 32 32 32 32 32 32 32 32 32 32 32 32 32 32 32 32 32 32 32 32 32 32 32 32 32 32 32 32 32 32 32 32 32 32 32 32 32 32 32 32 32 32 32 32 32 32 32 32 32 32 32 32 32 32 32 32 32 32 32 32 32 32 32 32 32 32 32 32 32 32 32 32 32 32 32 32 32 32 32
revenue            5.03 5.03 5.03 5.03 5.03 5.03 5.03 5.03 5.03 5.03 5.03 5.03 5.03 5.03 5.03 5.03 5.03 5.03 5.03 5.03 5.03 5.03 5.03 5.03 5.03 5.03 5.03 5.03 5.03 5.03 5.03 5.03 5.03 5.03 5.03 5.03 5.03 5.03 5.03 5.03 5.03 5.03 5.03 5.03 5.03 5.03 5.03 5.03 5.03 5.03 5.03 5.03 5.03 5.03 5.03 5.03 5.03 5.03 5.03 5.03 5.03 5.03 5.03 5.03 5.03 5.03 5.03 5.03 5.03 5.03 5.03 5.03 5.03 5.03 5.03 5.03 5.03 5.03 5.03 5.03 5.03 5.03 5.03 5.03 5.03 5.03 5.03 5.03 5.03 5.03 5.03 5.03 5.03 5.03 5.03 5.03 5.03 5.03 5.03 5.03 5.03 5.03 5.03 5.03 5.03 5.03 5.03 5.03 5.03 5.03 5.03 5.03 5.03 5.03 5.03 5.03 5.03 5.03 5.03 5.03 5.03 5.03 5.03 5.03 5.03 5.03 5.03 5.03 5.03 5.03 5.03 5.03 5.03 5.03 5.03 5.03 5.03 5.03 5.03 5.03 5.03 5.03 5.03 5.03 5.03 5.03 5.03 5.03 5.03 5.03 5.03 5.03 5.03 5.03 5.03 5.03 5.03 5.03 5.03 5.03 5.03 5.03 5.03 5.03 5.03 5.03 5.03 5.03 5.03 5.03 5.03 5.03 5.03 5.03 5.03 5.03 5.03 5.03 5.03 5.03 5.03 5.03 5.03 5.03 5.03 5.03 5.03 5.03 5.03 5.03 5.03 5.03 5.03 5.03 5.03 5.03 5.03 5.03 5.03 5.03 5.03 5.03 5.03 5.03 5.03 5.03 5.03 5.03 5.03 5.03 5.03 5.03 5.03 5.03 5.03 5.03 5.03 5.03 5.03 5.03 5.03 5.03 5.03 5.03 5.03 5.03 5.03 5.03 5.03 5.03 5.03 5.03 5.03 5.03 5.03 5.03 5.03 5.03 5.03 5.03 5.03 5.03 5.03 5.03 5.03 5.03 5.03 5.03 5.03 5.03 5.03 5.03 5.03 5.03 5.03 5.03 5.03 5.03 5.03 5.03 5.03 5.03 5.03 5.03 5.03 5.03 5.03 5.03 5.03 5.03 5.03 5.03 5.03 5.03 5.03 5.03 5.03 5.03 5.03 5.03 5.03 5.03 5.03 5.03 5.03 5.03 5.03 5.03 5.03 5.03 5.03 5.03 5.03 5.03 5.03 5.03 5.03 5.03 5.03 5.03 5.03 5.03 5.03 5.03 5.03 5.03 5.03 5.03 5.03 5.03 5.03 5.03 5.03 5.03 5.03 5.03 5.03 5.03 5.03 5.03 5.03 5.03 5.03 5.03 5.03 5.03 5.03 5.03 5.03 5.03 5.03 5.03 5.03 5.03 5.03 5.03 5.03 5.03 5.03 5.03 5.03 5.03 5.03 5.03 5.03 5.03 5.03 5.03 5.03 5.03 5.03 5.03 5.03 5.03 5.03 5.03 5.03 5.03 5.03 5.03
name               DischargeRegion_0_Port_3
index              4
type               Discharge
regionIndex        1
x_coordinate       10173
y_coordinate       19266
fixedPortFee       55
numBerths          1
maxAmountPerPeriod 330
minAmountPerPeriod 80
capacity           336
initialInventory   168
consumption        24 24 24 24 24 24 24 24 24 24 24 24 24 24 24 24 24 24 24 24 24 24 24 24 24 24 24 24 24 24 24 24 24 24 24 24 24 24 24 24 24 24 24 24 24 24 24 24 24 24 24 24 24 24 24 24 24 24 24 24 24 24 24 24 24 24 24 24 24 24 24 24 24 24 24 24 24 24 24 24 24 24 24 24 24 24 24 24 24 24 24 24 24 24 24 24 24 24 24 24 24 24 24 24 24 24 24 24 24 24 24 24 24 24 24 24 24 24 24 24 24 24 24 24 24 24 24 24 24 24 24 24 24 24 24 24 24 24 24 24 24 24 24 24 24 24 24 24 24 24 24 24 24 24 24 24 24 24 24 24 24 24 24 24 24 24 24 24 24 24 24 24 24 24 24 24 24 24 24 24 24 24 24 24 24 24 24 24 24 24 24 24 24 24 24 24 24 24 24 24 24 24 24 24 24 24 24 24 24 24 24 24 24 24 24 24 24 24 24 24 24 24 24 24 24 24 24 24 24 24 24 24 24 24 24 24 24 24 24 24 24 24 24 24 24 24 24 24 24 24 24 24 24 24 24 24 24 24 24 24 24 24 24 24 24 24 24 24 24 24 24 24 24 24 24 24 24 24 24 24 24 24 24 24 24 24 24 24 24 24 24 24 24 24 24 24 24 24 24 24 24 24 24 24 24 24 24 24 24 24 24 24 24 24 24 24 24 24 24 24 24 24 24 24 24 24 24 24 24 24 24 24 24 24 24 24 24 24 24 24 24 24 24 24 24 24 24 24 24 24 24 24 24 24 24 24 24 24 24 24
revenue            5.03 5.03 5.03 5.03 5.03 5.03 5.03 5.03 5.03 5.03 5.03 5.03 5.03 5.03 5.03 5.03 5.03 5.03 5.03 5.03 5.03 5.03 5.03 5.03 5.03 5.03 5.03 5.03 5.03 5.03 5.03 5.03 5.03 5.03 5.03 5.03 5.03 5.03 5.03 5.03 5.03 5.03 5.03 5.03 5.03 5.03 5.03 5.03 5.03 5.03 5.03 5.03 5.03 5.03 5.03 5.03 5.03 5.03 5.03 5.03 5.03 5.03 5.03 5.03 5.03 5.03 5.03 5.03 5.03 5.03 5.03 5.03 5.03 5.03 5.03 5.03 5.03 5.03 5.03 5.03 5.03 5.03 5.03 5.03 5.03 5.03 5.03 5.03 5.03 5.03 5.03 5.03 5.03 5.03 5.03 5.03 5.03 5.03 5.03 5.03 5.03 5.03 5.03 5.03 5.03 5.03 5.03 5.03 5.03 5.03 5.03 5.03 5.03 5.03 5.03 5.03 5.03 5.03 5.03 5.03 5.03 5.03 5.03 5.03 5.03 5.03 5.03 5.03 5.03 5.03 5.03 5.03 5.03 5.03 5.03 5.03 5.03 5.03 5.03 5.03 5.03 5.03 5.03 5.03 5.03 5.03 5.03 5.03 5.03 5.03 5.03 5.03 5.03 5.03 5.03 5.03 5.03 5.03 5.03 5.03 5.03 5.03 5.03 5.03 5.03 5.03 5.03 5.03 5.03 5.03 5.03 5.03 5.03 5.03 5.03 5.03 5.03 5.03 5.03 5.03 5.03 5.03 5.03 5.03 5.03 5.03 5.03 5.03 5.03 5.03 5.03 5.03 5.03 5.03 5.03 5.03 5.03 5.03 5.03 5.03 5.03 5.03 5.03 5.03 5.03 5.03 5.03 5.03 5.03 5.03 5.03 5.03 5.03 5.03 5.03 5.03 5.03 5.03 5.03 5.03 5.03 5.03 5.03 5.03 5.03 5.03 5.03 5.03 5.03 5.03 5.03 5.03 5.03 5.03 5.03 5.03 5.03 5.03 5.03 5.03 5.03 5.03 5.03 5.03 5.03 5.03 5.03 5.03 5.03 5.03 5.03 5.03 5.03 5.03 5.03 5.03 5.03 5.03 5.03 5.03 5.03 5.03 5.03 5.03 5.03 5.03 5.03 5.03 5.03 5.03 5.03 5.03 5.03 5.03 5.03 5.03 5.03 5.03 5.03 5.03 5.03 5.03 5.03 5.03 5.03 5.03 5.03 5.03 5.03 5.03 5.03 5.03 5.03 5.03 5.03 5.03 5.03 5.03 5.03 5.03 5.03 5.03 5.03 5.03 5.03 5.03 5.03 5.03 5.03 5.03 5.03 5.03 5.03 5.03 5.03 5.03 5.03 5.03 5.03 5.03 5.03 5.03 5.03 5.03 5.03 5.03 5.03 5.03 5.03 5.03 5.03 5.03 5.03 5.03 5.03 5.03 5.03 5.03 5.03 5.03 5.03 5.03 5.03 5.03 5.03 5.03 5.03 5.03 5.03 5.03 5.03 5.03 5.03 5.03 5.03 5.03 5.03 5.03 5.03 5.03
