name               DischargeRegion_0_Port_0
index              2
type               Discharge
regionIndex        2
x_coordinate       16134
y_coordinate       12837
fixedPortFee       97
numBerths          1
maxAmountPerPeriod 205
minAmountPerPeriod 90
capacity           312
initialInventory   212
consumption        39 39 39 39 39 39 39 39 39 39 39 39 39 39 39 39 39 39 39 39 39 39 39 39 39 39 39 39 39 39 39 39 39 39 39 39 39 39 39 39 39 39 39 39 39 39 39 39 39 39 39 39 39 39 39 39 39 39 39 39 39 39 39 39 39 39 39 39 39 39 39 39 39 39 39 39 39 39 39 39 39 39 39 39 39 39 39 39 39 39 39 39 39 39 39 39 39 39 39 39 39 39 39 39 39 39 39 39 39 39 39 39 39 39 39 39 39 39 39 39 39 39 39 39 39 39 39 39 39 39 39 39 39 39 39 39 39 39 39 39 39 39 39 39 39 39 39 39 39 39 39 39 39 39 39 39 39 39 39 39 39 39 39 39 39 39 39 39 39 39 39 39 39 39 39 39 39 39 39 39 39 39 39 39 39 39 39 39 39 39 39 39 39 39 39 39 39 39 39 39 39 39 39 39 39 39 39 39 39 39 39 39 39 39 39 39 39 39 39 39 39 39 39 39 39 39 39 39 39 39 39 39 39 39 39 39 39 39 39 39 39 39 39 39 39 39 39 39 39 39 39 39 39 39 39 39 39 39 39 39 39 39 39 39 39 39 39 39 39 39 39 39 39 39 39 39 39 39 39 39 39 39 39 39 39 39 39 39 39 39 39 39 39 39 39 39 39 39 39 39 39 39 39 39 39 39 39 39 39 39 39 39 39 39 39 39 39 39 39 39 39 39 39 39 39 39 39 39 39 39 39 39 39 39 39 39 39 39 39 39 39 39 39 39 39 39 39 39 39 39 39 39 39 39 39 39 39 39 39 39
revenue            5.01 5.01 5.01 5.01 5.01 5.01 5.01 5.01 5.01 5.01 5.01 5.01 5.01 5.01 5.01 5.01 5.01 5.01 5.01 5.01 5.01 5.01 5.01 5.01 5.01 5.01 5.01 5.01 5.01 5.01 5.01 5.01 5.01 5.01 5.01 5.01 5.01 5.01 5.01 5.01 5.01 5.01 5.01 5.01 5.01 5.01 5.01 5.01 5.01 5.01 5.01 5.01 5.01 5.01 5.01 5.01 5.01 5.01 5.01 5.01 5.01 5.01 5.01 5.01 5.01 5.01 5.01 5.01 5.01 5.01 5.01 5.01 5.01 5.01 5.01 5.01 5.01 5.01 5.01 5.01 5.01 5.01 5.01 5.01 5.01 5.01 5.01 5.01 5.01 5.01 5.01 5.01 5.01 5.01 5.01 5.01 5.01 5.01 5.01 5.01 5.01 5.01 5.01 5.01 5.01 5.01 5.01 5.01 5.01 5.01 5.01 5.01 5.01 5.01 5.01 5.01 5.01 5.01 5.01 5.01 5.01 5.01 5.01 5.01 5.01 5.01 5.01 5.01 5.01 5.01 5.01 5.01 5.01 5.01 5.01 5.01 5.01 5.01 5.01 5.01 5.01 5.01 5.01 5.01 5.01 5.01 5.01 5.01 5.01 5.01 5.01 5.01 5.01 5.01 5.01 5.01 5.01 5.01 5.01 5.01 5.01 5.01 5.01 5.01 5.01 5.01 5.01 5.01 5.01 5.01 5.01 5.01 5.01 5.01 5.01 5.01 5.01 5.01 5.01 5.01 5.01 5.01 5.01 5.01 5.01 5.01 5.01 5.01 5.01 5.01 5.01 5.01 5.01 5.01 5.01 5.01 5.01 5.01 5.01 5.01 5.01 5.01 5.01 5.01 5.01 5.01 5.01 5.01 5.01 5.01 5.01 5.01 5.01 5.01 5.01 5.01 5.01 5.01 5.01 5.01 5.01 5.01 5.01 5.01 5.01 5.01 5.01 5.01 5.01 5.01 5.01 5.01 5.01 5.01 5.01 5.01 5.01 5.01 5.01 5.01 5.01 5.01 5.01 5.01 5.01 5.01 5.01 5.01 5.01 5.01 5.01 5.01 5.01 5.01 5.01 5.01 5.01 5.01 5.01 5.01 5.01 5.01 5.01 5.01 5.01 5.01 5.01 5.01 5.01 5.01 5.01 5.01 5.01 5.01 5.01 5.01 5.01 5.01 5.01 5.01 5.01 5.01 5.01 5.01 5.01 5.01 5.01 5.01 5.01 5.01 5.01 5.01 5.01 5.01 5.01 5.01 5.01 5.01 5.01 5.01 5.01 5.01 5.01 5.01 5.01 5.01 5.01 5.01 5.01 5.01 5.01 5.01 5.01 5.01 5.01 5.01 5.01 5.01 5.01 5.01 5.01 5.01 5.01 5.01 5.01 5.01 5.01 5.01 5.01 5.01 5.01 5.01 5.01 5.01 5.01 5.01 5.01 5.01 5.01 5.01 5.01 5.01 5.01 5.01 5.01 5.01 5.01 5.01 5.01 5.01 5.01 5.01 5.01 5.01 5.01 5.01 5.01 5.01 5.01 5.01
name               DischargeRegion_0_Port_1
index              3
type               Discharge
regionIndex        2
x_coordinate       15858
y_coordinate       12421
fixedPortFee       58
numBerths          1
maxAmountPerPeriod 297
minAmountPerPeriod 65
capacity           264
initialInventory   132
consumption        33 33 33 33 33 33 33 33 33 33 33 33 33 33 33 33 33 33 33 33 33 33 33 33 33 33 33 33 33 33 33 33 33 33 33 33 33 33 33 33 33 33 33 33 33 33 33 33 33 33 33 33 33 33 33 33 33 33 33 33 33 33 33 33 33 33 33 33 33 33 33 33 33 33 33 33 33 33 33 33 33 33 33 33 33 33 33 33 33 33 33 33 33 33 33 33 33 33 33 33 33 33 33 33 33 33 33 33 33 33 33 33 33 33 33 33 33 33 33 33 33 33 33 33 33 33 33 33 33 33 33 33 33 33 33 33 33 33 33 33 33 33 33 33 33 33 33 33 33 33 33 33 33 33 33 33 33 33 33 33 33 33 33 33 33 33 33 33 33 33 33 33 33 33 33 33 33 33 33 33 33 33 33 33 33 33 33 33 33 33 33 33 33 33 33 33 33 33 33 33 33 33 33 33 33 33 33 33 33 33 33 33 33 33 33 33 33 33 33 33 33 33 33 33 33 33 33 33 33 33 33 33 33 33 33 33 33 33 33 33 33 33 33 33 33 33 33 33 33 33 33 33 33 33 33 33 33 33 33 33 33 33 33 33 33 33 33 33 33 33 33 33 33 33 33 33 33 33 33 33 33 33 33 33 33 33 33 33 33 33 33 33 33 33 33 33 33 33 33 33 33 33 33 33 33 33 33 33 33 33 33 33 33 33 33 33 33 33 33 33 33 33 33 33 33 33 33 33 33 33 33 33 33 33 33 33 33 33 33 33 33 33 33 33 33 33 33 33 33 33 33 33 33 33 33 33 33 33 33 33
revenue            5.01 5.01 5.01 5.01 5.01 5.01 5.01 5.01 5.01 5.01 5.01 5.01 5.01 5.01 5.01 5.01 5.01 5.01 5.01 5.01 5.01 5.01 5.01 5.01 5.01 5.01 5.01 5.01 5.01 5.01 5.01 5.01 5.01 5.01 5.01 5.01 5.01 5.01 5.01 5.01 5.01 5.01 5.01 5.01 5.01 5.01 5.01 5.01 5.01 5.01 5.01 5.01 5.01 5.01 5.01 5.01 5.01 5.01 5.01 5.01 5.01 5.01 5.01 5.01 5.01 5.01 5.01 5.01 5.01 5.01 5.01 5.01 5.01 5.01 5.01 5.01 5.01 5.01 5.01 5.01 5.01 5.01 5.01 5.01 5.01 5.01 5.01 5.01 5.01 5.01 5.01 5.01 5.01 5.01 5.01 5.01 5.01 5.01 5.01 5.01 5.01 5.01 5.01 5.01 5.01 5.01 5.01 5.01 5.01 5.01 5.01 5.01 5.01 5.01 5.01 5.01 5.01 5.01 5.01 5.01 5.01 5.01 5.01 5.01 5.01 5.01 5.01 5.01 5.01 5.01 5.01 5.01 5.01 5.01 5.01 5.01 5.01 5.01 5.01 5.01 5.01 5.01 5.01 5.01 5.01 5.01 5.01 5.01 5.01 5.01 5.01 5.01 5.01 5.01 5.01 5.01 5.01 5.01 5.01 5.01 5.01 5.01 5.01 5.01 5.01 5.01 5.01 5.01 5.01 5.01 5.01 5.01 5.01 5.01 5.01 5.01 5.01 5.01 5.01 5.01 5.01 5.01 5.01 5.01 5.01 5.01 5.01 5.01 5.01 5.01 5.01 5.01 5.01 5.01 5.01 5.01 5.01 5.01 5.01 5.01 5.01 5.01 5.01 5.01 5.01 5.01 5.01 5.01 5.01 5.01 5.01 5.01 5.01 5.01 5.01 5.01 5.01 5.01 5.01 5.01 5.01 5.01 5.01 5.01 5.01 5.01 5.01 5.01 5.01 5.01 5.01 5.01 5.01 5.01 5.01 5.01 5.01 5.01 5.01 5.01 5.01 5.01 5.01 5.01 5.01 5.01 5.01 5.01 5.01 5.01 5.01 5.01 5.01 5.01 5.01 5.01 5.01 5.01 5.01 5.01 5.01 5.01 5.01 5.01 5.01 5.01 5.01 5.01 5.01 5.01 5.01 5.01 5.01 5.01 5.01 5.01 5.01 5.01 5.01 5.01 5.01 5.01 5.01 5.01 5.01 5.01 5.01 5.01 5.01 5.01 5.01 5.01 5.01 5.01 5.01 5.01 5.01 5.01 5.01 5.01 5.01 5.01 5.01 5.01 5.01 5.01 5.01 5.01 5.01 5.01 5.01 5.01 5.01 5.01 5.01 5.01 5.01 5.01 5.01 5.01 5.01 5.01 5.01 5.01 5.01 5.01 5.01 5.01 5.01 5.01 5.01 5.01 5.01 5.01 5.01 5.01 5.01 5.01 5.01 5.01 5.01 5.01 5.01 5.01 5.01 5.01 5.01 5.01 5.01 5.01 5.01 5.01 5.01 5.01 5.01 5.01 5.01 5.01 5.01 5.01
name               DischargeRegion_0_Port_2
index              4
type               Discharge
regionIndex        2
x_coordinate       15954
y_coordinate       12450
fixedPortFee       79
numBerths          1
maxAmountPerPeriod 205
minAmountPerPeriod 70
capacity           189
initialInventory   94
consumption        27 27 27 27 27 27 27 27 27 27 27 27 27 27 27 27 27 27 27 27 27 27 27 27 27 27 27 27 27 27 27 27 27 27 27 27 27 27 27 27 27 27 27 27 27 27 27 27 27 27 27 27 27 27 27 27 27 27 27 27 27 27 27 27 27 27 27 27 27 27 27 27 27 27 27 27 27 27 27 27 27 27 27 27 27 27 27 27 27 27 27 27 27 27 27 27 27 27 27 27 27 27 27 27 27 27 27 27 27 27 27 27 27 27 27 27 27 27 27 27 27 27 27 27 27 27 27 27 27 27 27 27 27 27 27 27 27 27 27 27 27 27 27 27 27 27 27 27 27 27 27 27 27 27 27 27 27 27 27 27 27 27 27 27 27 27 27 27 27 27 27 27 27 27 27 27 27 27 27 27 27 27 27 27 27 27 27 27 27 27 27 27 27 27 27 27 27 27 27 27 27 27 27 27 27 27 27 27 27 27 27 27 27 27 27 27 27 27 27 27 27 27 27 27 27 27 27 27 27 27 27 27 27 27 27 27 27 27 27 27 27 27 27 27 27 27 27 27 27 27 27 27 27 27 27 27 27 27 27 27 27 27 27 27 27 27 27 27 27 27 27 27 27 27 27 27 27 27 27 27 27 27 27 27 27 27 27 27 27 27 27 27 27 27 27 27 27 27 27 27 27 27 27 27 27 27 27 27 27 27 27 27 27 27 27 27 27 27 27 27 27 27 27 27 27 27 27 27 27 27 27 27 27 27 27 27 27 27 27 27 27 27 27 27 27 27 27 27 27 27 27 27 27 27 27 27 27 27 27 27
revenue            5.01 5.01 5.01 5.01 5.01 5.01 5.01 5.01 5.01 5.01 5.01 5.01 5.01 5.01 5.01 5.01 5.01 5.01 5.01 5.01 5.01 5.01 5.01 5.01 5.01 5.01 5.01 5.01 5.01 5.01 5.01 5.01 5.01 5.01 5.01 5.01 5.01 5.01 5.01 5.01 5.01 5.01 5.01 5.01 5.01 5.01 5.01 5.01 5.01 5.01 5.01 5.01 5.01 5.01 5.01 5.01 5.01 5.01 5.01 5.01 5.01 5.01 5.01 5.01 5.01 5.01 5.01 5.01 5.01 5.01 5.01 5.01 5.01 5.01 5.01 5.01 5.01 5.01 5.01 5.01 5.01 5.01 5.01 5.01 5.01 5.01 5.01 5.01 5.01 5.01 5.01 5.01 5.01 5.01 5.01 5.01 5.01 5.01 5.01 5.01 5.01 5.01 5.01 5.01 5.01 5.01 5.01 5.01 5.01 5.01 5.01 5.01 5.01 5.01 5.01 5.01 5.01 5.01 5.01 5.01 5.01 5.01 5.01 5.01 5.01 5.01 5.01 5.01 5.01 5.01 5.01 5.01 5.01 5.01 5.01 5.01 5.01 5.01 5.01 5.01 5.01 5.01 5.01 5.01 5.01 5.01 5.01 5.01 5.01 5.01 5.01 5.01 5.01 5.01 5.01 5.01 5.01 5.01 5.01 5.01 5.01 5.01 5.01 5.01 5.01 5.01 5.01 5.01 5.01 5.01 5.01 5.01 5.01 5.01 5.01 5.01 5.01 5.01 5.01 5.01 5.01 5.01 5.01 5.01 5.01 5.01 5.01 5.01 5.01 5.01 5.01 5.01 5.01 5.01 5.01 5.01 5.01 5.01 5.01 5.01 5.01 5.01 5.01 5.01 5.01 5.01 5.01 5.01 5.01 5.01 5.01 5.01 5.01 5.01 5.01 5.01 5.01 5.01 5.01 5.01 5.01 5.01 5.01 5.01 5.01 5.01 5.01 5.01 5.01 5.01 5.01 5.01 5.01 5.01 5.01 5.01 5.01 5.01 5.01 5.01 5.01 5.01 5.01 5.01 5.01 5.01 5.01 5.01 5.01 5.01 5.01 5.01 5.01 5.01 5.01 5.01 5.01 5.01 5.01 5.01 5.01 5.01 5.01 5.01 5.01 5.01 5.01 5.01 5.01 5.01 5.01 5.01 5.01 5.01 5.01 5.01 5.01 5.01 5.01 5.01 5.01 5.01 5.01 5.01 5.01 5.01 5.01 5.01 5.01 5.01 5.01 5.01 5.01 5.01 5.01 5.01 5.01 5.01 5.01 5.01 5.01 5.01 5.01 5.01 5.01 5.01 5.01 5.01 5.01 5.01 5.01 5.01 5.01 5.01 5.01 5.01 5.01 5.01 5.01 5.01 5.01 5.01 5.01 5.01 5.01 5.01 5.01 5.01 5.01 5.01 5.01 5.01 5.01 5.01 5.01 5.01 5.01 5.01 5.01 5.01 5.01 5.01 5.01 5.01 5.01 5.01 5.01 5.01 5.01 5.01 5.01 5.01 5.01 5.01 5.01 5.01 5.01 5.01 5.01 5.01
name               DischargeRegion_1_Port_0
index              5
type               Discharge
regionIndex        3
x_coordinate       11133
y_coordinate       5149
fixedPortFee       59
numBerths          1
maxAmountPerPeriod 300
minAmountPerPeriod 80
capacity           351
initialInventory   230
consumption        39 39 39 39 39 39 39 39 39 39 39 39 39 39 39 39 39 39 39 39 39 39 39 39 39 39 39 39 39 39 39 39 39 39 39 39 39 39 39 39 39 39 39 39 39 39 39 39 39 39 39 39 39 39 39 39 39 39 39 39 39 39 39 39 39 39 39 39 39 39 39 39 39 39 39 39 39 39 39 39 39 39 39 39 39 39 39 39 39 39 39 39 39 39 39 39 39 39 39 39 39 39 39 39 39 39 39 39 39 39 39 39 39 39 39 39 39 39 39 39 39 39 39 39 39 39 39 39 39 39 39 39 39 39 39 39 39 39 39 39 39 39 39 39 39 39 39 39 39 39 39 39 39 39 39 39 39 39 39 39 39 39 39 39 39 39 39 39 39 39 39 39 39 39 39 39 39 39 39 39 39 39 39 39 39 39 39 39 39 39 39 39 39 39 39 39 39 39 39 39 39 39 39 39 39 39 39 39 39 39 39 39 39 39 39 39 39 39 39 39 39 39 39 39 39 39 39 39 39 39 39 39 39 39 39 39 39 39 39 39 39 39 39 39 39 39 39 39 39 39 39 39 39 39 39 39 39 39 39 39 39 39 39 39 39 39 39 39 39 39 39 39 39 39 39 39 39 39 39 39 39 39 39 39 39 39 39 39 39 39 39 39 39 39 39 39 39 39 39 39 39 39 39 39 39 39 39 39 39 39 39 39 39 39 39 39 39 39 39 39 39 39 39 39 39 39 39 39 39 39 39 39 39 39 39 39 39 39 39 39 39 39 39 39 39 39 39 39 39 39 39 39 39 39 39 39 39 39 39 39
revenue            5.25 5.25 5.25 5.25 5.25 5.25 5.25 5.25 5.25 5.25 5.25 5.25 5.25 5.25 5.25 5.25 5.25 5.25 5.25 5.25 5.25 5.25 5.25 5.25 5.25 5.25 5.25 5.25 5.25 5.25 5.25 5.25 5.25 5.25 5.25 5.25 5.25 5.25 5.25 5.25 5.25 5.25 5.25 5.25 5.25 5.25 5.25 5.25 5.25 5.25 5.25 5.25 5.25 5.25 5.25 5.25 5.25 5.25 5.25 5.25 5.25 5.25 5.25 5.25 5.25 5.25 5.25 5.25 5.25 5.25 5.25 5.25 5.25 5.25 5.25 5.25 5.25 5.25 5.25 5.25 5.25 5.25 5.25 5.25 5.25 5.25 5.25 5.25 5.25 5.25 5.25 5.25 5.25 5.25 5.25 5.25 5.25 5.25 5.25 5.25 5.25 5.25 5.25 5.25 5.25 5.25 5.25 5.25 5.25 5.25 5.25 5.25 5.25 5.25 5.25 5.25 5.25 5.25 5.25 5.25 5.25 5.25 5.25 5.25 5.25 5.25 5.25 5.25 5.25 5.25 5.25 5.25 5.25 5.25 5.25 5.25 5.25 5.25 5.25 5.25 5.25 5.25 5.25 5.25 5.25 5.25 5.25 5.25 5.25 5.25 5.25 5.25 5.25 5.25 5.25 5.25 5.25 5.25 5.25 5.25 5.25 5.25 5.25 5.25 5.25 5.25 5.25 5.25 5.25 5.25 5.25 5.25 5.25 5.25 5.25 5.25 5.25 5.25 5.25 5.25 5.25 5.25 5.25 5.25 5.25 5.25 5.25 5.25 5.25 5.25 5.25 5.25 5.25 5.25 5.25 5.25 5.25 5.25 5.25 5.25 5.25 5.25 5.25 5.25 5.25 5.25 5.25 5.25 5.25 5.25 5.25 5.25 5.25 5.25 5.25 5.25 5.25 5.25 5.25 5.25 5.25 5.25 5.25 5.25 5.25 5.25 5.25 5.25 5.25 5.25 5.25 5.25 5.25 5.25 5.25 5.25 5.25 5.25 5.25 5.25 5.25 5.25 5.25 5.25 5.25 5.25 5.25 5.25 5.25 5.25 5.25 5.25 5.25 5.25 5.25 5.25 5.25 5.25 5.25 5.25 5.25 5.25 5.25 5.25 5.25 5.25 5.25 5.25 5.25 5.25 5.25 5.25 5.25 5.25 5.25 5.25 5.25 5.25 5.25 5.25 5.25 5.25 5.25 5.25 5.25 5.25 5.25 5.25 5.25 5.25 5.25 5.25 5.25 5.25 5.25 5.25 5.25 5.25 5.25 5.25 5.25 5.25 5.25 5.25 5.25 5.25 5.25 5.25 5.25 5.25 5.25 5.25 5.25 5.25 5.25 5.25 5.25 5.25 5.25 5.25 5.25 5.25 5.25 5.25 5.25 5.25 5.25 5.25 5.25 5.25 5.25 5.25 5.25 5.25 5.25 5.25 5.25 5.25 5.25 5.25 5.25 5.25 5.25 5.25 5.25 5.25 5.25 5.25 5.25 5.25 5.25 5.25 5.25 5.25 5.25 5.25 5.25 5.25 5.25 5.25
name               DischargeRegion_1_Port_1
index              6
type               Discharge
regionIndex        3
x_coordinate       11056
y_coordinate       4886
fixedPortFee       30
numBerths          1
maxAmountPerPeriod 205
minAmountPerPeriod 75
capacity           240
initialInventory   100
consumption        24 24 24 24 24 24 24 24 24 24 24 24 24 24 24 24 24 24 24 24 24 24 24 24 24 24 24 24 24 24 24 24 24 24 24 24 24 24 24 24 24 24 24 24 24 24 24 24 24 24 24 24 24 24 24 24 24 24 24 24 24 24 24 24 24 24 24 24 24 24 24 24 24 24 24 24 24 24 24 24 24 24 24 24 24 24 24 24 24 24 24 24 24 24 24 24 24 24 24 24 24 24 24 24 24 24 24 24 24 24 24 24 24 24 24 24 24 24 24 24 24 24 24 24 24 24 24 24 24 24 24 24 24 24 24 24 24 24 24 24 24 24 24 24 24 24 24 24 24 24 24 24 24 24 24 24 24 24 24 24 24 24 24 24 24 24 24 24 24 24 24 24 24 24 24 24 24 24 24 24 24 24 24 24 24 24 24 24 24 24 24 24 24 24 24 24 24 24 24 24 24 24 24 24 24 24 24 24 24 24 24 24 24 24 24 24 24 24 24 24 24 24 24 24 24 24 24 24 24 24 24 24 24 24 24 24 24 24 24 24 24 24 24 24 24 24 24 24 24 24 24 24 24 24 24 24 24 24 24 24 24 24 24 24 24 24 24 24 24 24 24 24 24 24 24 24 24 24 24 24 24 24 24 24 24 24 24 24 24 24 24 24 24 24 24 24 24 24 24 24 24 24 24 24 24 24 24 24 24 24 24 24 24 24 24 24 24 24 24 24 24 24 24 24 24 24 24 24 24 24 24 24 24 24 24 24 24 24 24 24 24 24 24 24 24 24 24 24 24 24 24 24 24 24 24 24 24 24 24 24
revenue            5.25 5.25 5.25 5.25 5.25 5.25 5.25 5.25 5.25 5.25 5.25 5.25 5.25 5.25 5.25 5.25 5.25 5.25 5.25 5.25 5.25 5.25 5.25 5.25 5.25 5.25 5.25 5.25 5.25 5.25 5.25 5.25 5.25 5.25 5.25 5.25 5.25 5.25 5.25 5.25 5.25 5.25 5.25 5.25 5.25 5.25 5.25 5.25 5.25 5.25 5.25 5.25 5.25 5.25 5.25 5.25 5.25 5.25 5.25 5.25 5.25 5.25 5.25 5.25 5.25 5.25 5.25 5.25 5.25 5.25 5.25 5.25 5.25 5.25 5.25 5.25 5.25 5.25 5.25 5.25 5.25 5.25 5.25 5.25 5.25 5.25 5.25 5.25 5.25 5.25 5.25 5.25 5.25 5.25 5.25 5.25 5.25 5.25 5.25 5.25 5.25 5.25 5.25 5.25 5.25 5.25 5.25 5.25 5.25 5.25 5.25 5.25 5.25 5.25 5.25 5.25 5.25 5.25 5.25 5.25 5.25 5.25 5.25 5.25 5.25 5.25 5.25 5.25 5.25 5.25 5.25 5.25 5.25 5.25 5.25 5.25 5.25 5.25 5.25 5.25 5.25 5.25 5.25 5.25 5.25 5.25 5.25 5.25 5.25 5.25 5.25 5.25 5.25 5.25 5.25 5.25 5.25 5.25 5.25 5.25 5.25 5.25 5.25 5.25 5.25 5.25 5.25 5.25 5.25 5.25 5.25 5.25 5.25 5.25 5.25 5.25 5.25 5.25 5.25 5.25 5.25 5.25 5.25 5.25 5.25 5.25 5.25 5.25 5.25 5.25 5.25 5.25 5.25 5.25 5.25 5.25 5.25 5.25 5.25 5.25 5.25 5.25 5.25 5.25 5.25 5.25 5.25 5.25 5.25 5.25 5.25 5.25 5.25 5.25 5.25 5.25 5.25 5.25 5.25 5.25 5.25 5.25 5.25 5.25 5.25 5.25 5.25 5.25 5.25 5.25 5.25 5.25 5.25 5.25 5.25 5.25 5.25 5.25 5.25 5.25 5.25 5.25 5.25 5.25 5.25 5.25 5.25 5.25 5.25 5.25 5.25 5.25 5.25 5.25 5.25 5.25 5.25 5.25 5.25 5.25 5.25 5.25 5.25 5.25 5.25 5.25 5.25 5.25 5.25 5.25 5.25 5.25 5.25 5.25 5.25 5.25 5.25 5.25 5.25 5.25 5.25 5.25 5.25 5.25 5.25 5.25 5.25 5.25 5.25 5.25 5.25 5.25 5.25 5.25 5.25 5.25 5.25 5.25 5.25 5.25 5.25 5.25 5.25 5.25 5.25 5.25 5.25 5.25 5.25 5.25 5.25 5.25 5.25 5.25 5.25 5.25 5.25 5.25 5.25 5.25 5.25 5.25 5.25 5.25 5.25 5.25 5.25 5.25 5.25 5.25 5.25 5.25 5.25 5.25 5.25 5.25 5.25 5.25 5.25 5.25 5.25 5.25 5.25 5.25 5.25 5.25 5.25 5.25 5.25 5.25 5.25 5.25 5.25 5.25 5.25 5.25 5.25 5.25 5.25 5.25
name               DischargeRegion_1_Port_2
index              7
type               Discharge
regionIndex        3
x_coordinate       11079
y_coordinate       4817
fixedPortFee       77
numBerths          1
maxAmountPerPeriod 195
minAmountPerPeriod 75
capacity           180
initialInventory   90
consumption        15 15 15 15 15 15 15 15 15 15 15 15 15 15 15 15 15 15 15 15 15 15 15 15 15 15 15 15 15 15 15 15 15 15 15 15 15 15 15 15 15 15 15 15 15 15 15 15 15 15 15 15 15 15 15 15 15 15 15 15 15 15 15 15 15 15 15 15 15 15 15 15 15 15 15 15 15 15 15 15 15 15 15 15 15 15 15 15 15 15 15 15 15 15 15 15 15 15 15 15 15 15 15 15 15 15 15 15 15 15 15 15 15 15 15 15 15 15 15 15 15 15 15 15 15 15 15 15 15 15 15 15 15 15 15 15 15 15 15 15 15 15 15 15 15 15 15 15 15 15 15 15 15 15 15 15 15 15 15 15 15 15 15 15 15 15 15 15 15 15 15 15 15 15 15 15 15 15 15 15 15 15 15 15 15 15 15 15 15 15 15 15 15 15 15 15 15 15 15 15 15 15 15 15 15 15 15 15 15 15 15 15 15 15 15 15 15 15 15 15 15 15 15 15 15 15 15 15 15 15 15 15 15 15 15 15 15 15 15 15 15 15 15 15 15 15 15 15 15 15 15 15 15 15 15 15 15 15 15 15 15 15 15 15 15 15 15 15 15 15 15 15 15 15 15 15 15 15 15 15 15 15 15 15 15 15 15 15 15 15 15 15 15 15 15 15 15 15 15 15 15 15 15 15 15 15 15 15 15 15 15 15 15 15 15 15 15 15 15 15 15 15 15 15 15 15 15 15 15 15 15 15 15 15 15 15 15 15 15 15 15 15 15 15 15 15 15 15 15 15 15 15 15 15 15 15 15 15 15 15
revenue            5.25 5.25 5.25 5.25 5.25 5.25 5.25 5.25 5.25 5.25 5.25 5.25 5.25 5.25 5.25 5.25 5.25 5.25 5.25 5.25 5.25 5.25 5.25 5.25 5.25 5.25 5.25 5.25 5.25 5.25 5.25 5.25 5.25 5.25 5.25 5.25 5.25 5.25 5.25 5.25 5.25 5.25 5.25 5.25 5.25 5.25 5.25 5.25 5.25 5.25 5.25 5.25 5.25 5.25 5.25 5.25 5.25 5.25 5.25 5.25 5.25 5.25 5.25 5.25 5.25 5.25 5.25 5.25 5.25 5.25 5.25 5.25 5.25 5.25 5.25 5.25 5.25 5.25 5.25 5.25 5.25 5.25 5.25 5.25 5.25 5.25 5.25 5.25 5.25 5.25 5.25 5.25 5.25 5.25 5.25 5.25 5.25 5.25 5.25 5.25 5.25 5.25 5.25 5.25 5.25 5.25 5.25 5.25 5.25 5.25 5.25 5.25 5.25 5.25 5.25 5.25 5.25 5.25 5.25 5.25 5.25 5.25 5.25 5.25 5.25 5.25 5.25 5.25 5.25 5.25 5.25 5.25 5.25 5.25 5.25 5.25 5.25 5.25 5.25 5.25 5.25 5.25 5.25 5.25 5.25 5.25 5.25 5.25 5.25 5.25 5.25 5.25 5.25 5.25 5.25 5.25 5.25 5.25 5.25 5.25 5.25 5.25 5.25 5.25 5.25 5.25 5.25 5.25 5.25 5.25 5.25 5.25 5.25 5.25 5.25 5.25 5.25 5.25 5.25 5.25 5.25 5.25 5.25 5.25 5.25 5.25 5.25 5.25 5.25 5.25 5.25 5.25 5.25 5.25 5.25 5.25 5.25 5.25 5.25 5.25 5.25 5.25 5.25 5.25 5.25 5.25 5.25 5.25 5.25 5.25 5.25 5.25 5.25 5.25 5.25 5.25 5.25 5.25 5.25 5.25 5.25 5.25 5.25 5.25 5.25 5.25 5.25 5.25 5.25 5.25 5.25 5.25 5.25 5.25 5.25 5.25 5.25 5.25 5.25 5.25 5.25 5.25 5.25 5.25 5.25 5.25 5.25 5.25 5.25 5.25 5.25 5.25 5.25 5.25 5.25 5.25 5.25 5.25 5.25 5.25 5.25 5.25 5.25 5.25 5.25 5.25 5.25 5.25 5.25 5.25 5.25 5.25 5.25 5.25 5.25 5.25 5.25 5.25 5.25 5.25 5.25 5.25 5.25 5.25 5.25 5.25 5.25 5.25 5.25 5.25 5.25 5.25 5.25 5.25 5.25 5.25 5.25 5.25 5.25 5.25 5.25 5.25 5.25 5.25 5.25 5.25 5.25 5.25 5.25 5.25 5.25 5.25 5.25 5.25 5.25 5.25 5.25 5.25 5.25 5.25 5.25 5.25 5.25 5.25 5.25 5.25 5.25 5.25 5.25 5.25 5.25 5.25 5.25 5.25 5.25 5.25 5.25 5.25 5.25 5.25 5.25 5.25 5.25 5.25 5.25 5.25 5.25 5.25 5.25 5.25 5.25 5.25 5.25 5.25 5.25 5.25 5.25 5.25 5.25 5.25
