name               DischargeRegion_0_Port_0
index              1
type               Discharge
regionIndex        1
x_coordinate       9685
y_coordinate       19204
fixedPortFee       14
numBerths          1
maxAmountPerPeriod 180
minAmountPerPeriod 65
capacity           344
initialInventory   172
consumption        43 43 43 43 43 43 43 43 43 43 43 43 43 43 43 43 43 43 43 43 43 43 43 43 43 43 43 43 43 43 43 43 43 43 43 43 43 43 43 43 43 43 43 43 43 43 43 43 43 43 43 43 43 43 43 43 43 43 43 43 43 43 43 43 43 43 43 43 43 43 43 43 43 43 43 43 43 43 43 43 43 43 43 43 43 43 43 43 43 43 43 43 43 43 43 43 43 43 43 43 43 43 43 43 43 43 43 43 43 43 43 43 43 43 43 43 43 43 43 43 43 43 43 43 43 43 43 43 43 43 43 43 43 43 43 43 43 43 43 43 43 43 43 43 43 43 43 43 43 43 43 43 43 43 43 43 43 43 43 43 43 43 43 43 43 43 43 43 43 43 43 43 43 43 43 43 43 43 43 43 43 43 43 43 43 43 43 43 43 43 43 43 43 43 43 43 43 43 43 43 43 43 43 43 43 43 43 43 43 43 43 43 43 43 43 43 43 43 43 43 43 43 43 43 43 43 43 43 43 43 43 43 43 43 43 43 43 43 43 43 43 43 43 43 43 43 43 43 43 43 43 43 43 43 43 43 43 43 43 43 43 43 43 43 43 43 43 43 43 43 43 43 43 43 43 43 43 43 43 43 43 43 43 43 43 43 43 43 43 43 43 43 43 43 43 43 43 43 43 43 43 43 43 43 43 43 43 43 43 43 43 43 43 43 43 43 43 43 43 43 43 43 43 43 43 43 43 43 43 43 43 43 43 43 43 43 43 43 43 43 43 43 43 43 43 43 43 43 43 43 43 43 43 43 43 43 43 43 43 43
revenue            4.76 4.76 4.76 4.76 4.76 4.76 4.76 4.76 4.76 4.76 4.76 4.76 4.76 4.76 4.76 4.76 4.76 4.76 4.76 4.76 4.76 4.76 4.76 4.76 4.76 4.76 4.76 4.76 4.76 4.76 4.76 4.76 4.76 4.76 4.76 4.76 4.76 4.76 4.76 4.76 4.76 4.76 4.76 4.76 4.76 4.76 4.76 4.76 4.76 4.76 4.76 4.76 4.76 4.76 4.76 4.76 4.76 4.76 4.76 4.76 4.76 4.76 4.76 4.76 4.76 4.76 4.76 4.76 4.76 4.76 4.76 4.76 4.76 4.76 4.76 4.76 4.76 4.76 4.76 4.76 4.76 4.76 4.76 4.76 4.76 4.76 4.76 4.76 4.76 4.76 4.76 4.76 4.76 4.76 4.76 4.76 4.76 4.76 4.76 4.76 4.76 4.76 4.76 4.76 4.76 4.76 4.76 4.76 4.76 4.76 4.76 4.76 4.76 4.76 4.76 4.76 4.76 4.76 4.76 4.76 4.76 4.76 4.76 4.76 4.76 4.76 4.76 4.76 4.76 4.76 4.76 4.76 4.76 4.76 4.76 4.76 4.76 4.76 4.76 4.76 4.76 4.76 4.76 4.76 4.76 4.76 4.76 4.76 4.76 4.76 4.76 4.76 4.76 4.76 4.76 4.76 4.76 4.76 4.76 4.76 4.76 4.76 4.76 4.76 4.76 4.76 4.76 4.76 4.76 4.76 4.76 4.76 4.76 4.76 4.76 4.76 4.76 4.76 4.76 4.76 4.76 4.76 4.76 4.76 4.76 4.76 4.76 4.76 4.76 4.76 4.76 4.76 4.76 4.76 4.76 4.76 4.76 4.76 4.76 4.76 4.76 4.76 4.76 4.76 4.76 4.76 4.76 4.76 4.76 4.76 4.76 4.76 4.76 4.76 4.76 4.76 4.76 4.76 4.76 4.76 4.76 4.76 4.76 4.76 4.76 4.76 4.76 4.76 4.76 4.76 4.76 4.76 4.76 4.76 4.76 4.76 4.76 4.76 4.76 4.76 4.76 4.76 4.76 4.76 4.76 4.76 4.76 4.76 4.76 4.76 4.76 4.76 4.76 4.76 4.76 4.76 4.76 4.76 4.76 4.76 4.76 4.76 4.76 4.76 4.76 4.76 4.76 4.76 4.76 4.76 4.76 4.76 4.76 4.76 4.76 4.76 4.76 4.76 4.76 4.76 4.76 4.76 4.76 4.76 4.76 4.76 4.76 4.76 4.76 4.76 4.76 4.76 4.76 4.76 4.76 4.76 4.76 4.76 4.76 4.76 4.76 4.76 4.76 4.76 4.76 4.76 4.76 4.76 4.76 4.76 4.76 4.76 4.76 4.76 4.76 4.76 4.76 4.76 4.76 4.76 4.76 4.76 4.76 4.76 4.76 4.76 4.76 4.76 4.76 4.76 4.76 4.76 4.76 4.76 4.76 4.76 4.76 4.76 4.76 4.76 4.76 4.76 4.76 4.76 4.76 4.76 4.76 4.76 4.76 4.76 4.76 4.76 4.76 4.76 4.76 4.76 4.76 4.76 4.76 4.76
name               DischargeRegion_0_Port_1
index              2
type               Discharge
regionIndex        1
x_coordinate       9575
y_coordinate       18761
fixedPortFee       14
numBerths          1
maxAmountPerPeriod 265
minAmountPerPeriod 50
capacity           480
initialInventory   240
consumption        32 32 32 32 32 32 32 32 32 32 32 32 32 32 32 32 32 32 32 32 32 32 32 32 32 32 32 32 32 32 32 32 32 32 32 32 32 32 32 32 32 32 32 32 32 32 32 32 32 32 32 32 32 32 32 32 32 32 32 32 32 32 32 32 32 32 32 32 32 32 32 32 32 32 32 32 32 32 32 32 32 32 32 32 32 32 32 32 32 32 32 32 32 32 32 32 32 32 32 32 32 32 32 32 32 32 32 32 32 32 32 32 32 32 32 32 32 32 32 32 32 32 32 32 32 32 32 32 32 32 32 32 32 32 32 32 32 32 32 32 32 32 32 32 32 32 32 32 32 32 32 32 32 32 32 32 32 32 32 32 32 32 32 32 32 32 32 32 32 32 32 32 32 32 32 32 32 32 32 32 32 32 32 32 32 32 32 32 32 32 32 32 32 32 32 32 32 32 32 32 32 32 32 32 32 32 32 32 32 32 32 32 32 32 32 32 32 32 32 32 32 32 32 32 32 32 32 32 32 32 32 32 32 32 32 32 32 32 32 32 32 32 32 32 32 32 32 32 32 32 32 32 32 32 32 32 32 32 32 32 32 32 32 32 32 32 32 32 32 32 32 32 32 32 32 32 32 32 32 32 32 32 32 32 32 32 32 32 32 32 32 32 32 32 32 32 32 32 32 32 32 32 32 32 32 32 32 32 32 32 32 32 32 32 32 32 32 32 32 32 32 32 32 32 32 32 32 32 32 32 32 32 32 32 32 32 32 32 32 32 32 32 32 32 32 32 32 32 32 32 32 32 32 32 32 32 32 32 32 32
revenue            4.76 4.76 4.76 4.76 4.76 4.76 4.76 4.76 4.76 4.76 4.76 4.76 4.76 4.76 4.76 4.76 4.76 4.76 4.76 4.76 4.76 4.76 4.76 4.76 4.76 4.76 4.76 4.76 4.76 4.76 4.76 4.76 4.76 4.76 4.76 4.76 4.76 4.76 4.76 4.76 4.76 4.76 4.76 4.76 4.76 4.76 4.76 4.76 4.76 4.76 4.76 4.76 4.76 4.76 4.76 4.76 4.76 4.76 4.76 4.76 4.76 4.76 4.76 4.76 4.76 4.76 4.76 4.76 4.76 4.76 4.76 4.76 4.76 4.76 4.76 4.76 4.76 4.76 4.76 4.76 4.76 4.76 4.76 4.76 4.76 4.76 4.76 4.76 4.76 4.76 4.76 4.76 4.76 4.76 4.76 4.76 4.76 4.76 4.76 4.76 4.76 4.76 4.76 4.76 4.76 4.76 4.76 4.76 4.76 4.76 4.76 4.76 4.76 4.76 4.76 4.76 4.76 4.76 4.76 4.76 4.76 4.76 4.76 4.76 4.76 4.76 4.76 4.76 4.76 4.76 4.76 4.76 4.76 4.76 4.76 4.76 4.76 4.76 4.76 4.76 4.76 4.76 4.76 4.76 4.76 4.76 4.76 4.76 4.76 4.76 4.76 4.76 4.76 4.76 4.76 4.76 4.76 4.76 4.76 4.76 4.76 4.76 4.76 4.76 4.76 4.76 4.76 4.76 4.76 4.76 4.76 4.76 4.76 4.76 4.76 4.76 4.76 4.76 4.76 4.76 4.76 4.76 4.76 4.76 4.76 4.76 4.76 4.76 4.76 4.76 4.76 4.76 4.76 4.76 4.76 4.76 4.76 4.76 4.76 4.76 4.76 4.76 4.76 4.76 4.76 4.76 4.76 4.76 4.76 4.76 4.76 4.76 4.76 4.76 4.76 4.76 4.76 4.76 4.76 4.76 4.76 4.76 4.76 4.76 4.76 4.76 4.76 4.76 4.76 4.76 4.76 4.76 4.76 4.76 4.76 4.76 4.76 4.76 4.76 4.76 4.76 4.76 4.76 4.76 4.76 4.76 4.76 4.76 4.76 4.76 4.76 4.76 4.76 4.76 4.76 4.76 4.76 4.76 4.76 4.76 4.76 4.76 4.76 4.76 4.76 4.76 4.76 4.76 4.76 4.76 4.76 4.76 4.76 4.76 4.76 4.76 4.76 4.76 4.76 4.76 4.76 4.76 4.76 4.76 4.76 4.76 4.76 4.76 4.76 4.76 4.76 4.76 4.76 4.76 4.76 4.76 4.76 4.76 4.76 4.76 4.76 4.76 4.76 4.76 4.76 4.76 4.76 4.76 4.76 4.76 4.76 4.76 4.76 4.76 4.76 4.76 4.76 4.76 4.76 4.76 4.76 4.76 4.76 4.76 4.76 4.76 4.76 4.76 4.76 4.76 4.76 4.76 4.76 4.76 4.76 4.76 4.76 4.76 4.76 4.76 4.76 4.76 4.76 4.76 4.76 4.76 4.76 4.76 4.76 4.76 4.76 4.76 4.76 4.76 4.76 4.76 4.76 4.76 4.76 4.76
name               DischargeRegion_0_Port_2
index              3
type               Discharge
regionIndex        1
x_coordinate       9534
y_coordinate       19133
fixedPortFee       22
numBerths          1
maxAmountPerPeriod 195
minAmountPerPeriod 45
capacity           390
initialInventory   195
consumption        30 30 30 30 30 30 30 30 30 30 30 30 30 30 30 30 30 30 30 30 30 30 30 30 30 30 30 30 30 30 30 30 30 30 30 30 30 30 30 30 30 30 30 30 30 30 30 30 30 30 30 30 30 30 30 30 30 30 30 30 30 30 30 30 30 30 30 30 30 30 30 30 30 30 30 30 30 30 30 30 30 30 30 30 30 30 30 30 30 30 30 30 30 30 30 30 30 30 30 30 30 30 30 30 30 30 30 30 30 30 30 30 30 30 30 30 30 30 30 30 30 30 30 30 30 30 30 30 30 30 30 30 30 30 30 30 30 30 30 30 30 30 30 30 30 30 30 30 30 30 30 30 30 30 30 30 30 30 30 30 30 30 30 30 30 30 30 30 30 30 30 30 30 30 30 30 30 30 30 30 30 30 30 30 30 30 30 30 30 30 30 30 30 30 30 30 30 30 30 30 30 30 30 30 30 30 30 30 30 30 30 30 30 30 30 30 30 30 30 30 30 30 30 30 30 30 30 30 30 30 30 30 30 30 30 30 30 30 30 30 30 30 30 30 30 30 30 30 30 30 30 30 30 30 30 30 30 30 30 30 30 30 30 30 30 30 30 30 30 30 30 30 30 30 30 30 30 30 30 30 30 30 30 30 30 30 30 30 30 30 30 30 30 30 30 30 30 30 30 30 30 30 30 30 30 30 30 30 30 30 30 30 30 30 30 30 30 30 30 30 30 30 30 30 30 30 30 30 30 30 30 30 30 30 30 30 30 30 30 30 30 30 30 30 30 30 30 30 30 30 30 30 30 30 30 30 30 30 30 30
revenue            4.76 4.76 4.76 4.76 4.76 4.76 4.76 4.76 4.76 4.76 4.76 4.76 4.76 4.76 4.76 4.76 4.76 4.76 4.76 4.76 4.76 4.76 4.76 4.76 4.76 4.76 4.76 4.76 4.76 4.76 4.76 4.76 4.76 4.76 4.76 4.76 4.76 4.76 4.76 4.76 4.76 4.76 4.76 4.76 4.76 4.76 4.76 4.76 4.76 4.76 4.76 4.76 4.76 4.76 4.76 4.76 4.76 4.76 4.76 4.76 4.76 4.76 4.76 4.76 4.76 4.76 4.76 4.76 4.76 4.76 4.76 4.76 4.76 4.76 4.76 4.76 4.76 4.76 4.76 4.76 4.76 4.76 4.76 4.76 4.76 4.76 4.76 4.76 4.76 4.76 4.76 4.76 4.76 4.76 4.76 4.76 4.76 4.76 4.76 4.76 4.76 4.76 4.76 4.76 4.76 4.76 4.76 4.76 4.76 4.76 4.76 4.76 4.76 4.76 4.76 4.76 4.76 4.76 4.76 4.76 4.76 4.76 4.76 4.76 4.76 4.76 4.76 4.76 4.76 4.76 4.76 4.76 4.76 4.76 4.76 4.76 4.76 4.76 4.76 4.76 4.76 4.76 4.76 4.76 4.76 4.76 4.76 4.76 4.76 4.76 4.76 4.76 4.76 4.76 4.76 4.76 4.76 4.76 4.76 4.76 4.76 4.76 4.76 4.76 4.76 4.76 4.76 4.76 4.76 4.76 4.76 4.76 4.76 4.76 4.76 4.76 4.76 4.76 4.76 4.76 4.76 4.76 4.76 4.76 4.76 4.76 4.76 4.76 4.76 4.76 4.76 4.76 4.76 4.76 4.76 4.76 4.76 4.76 4.76 4.76 4.76 4.76 4.76 4.76 4.76 4.76 4.76 4.76 4.76 4.76 4.76 4.76 4.76 4.76 4.76 4.76 4.76 4.76 4.76 4.76 4.76 4.76 4.76 4.76 4.76 4.76 4.76 4.76 4.76 4.76 4.76 4.76 4.76 4.76 4.76 4.76 4.76 4.76 4.76 4.76 4.76 4.76 4.76 4.76 4.76 4.76 4.76 4.76 4.76 4.76 4.76 4.76 4.76 4.76 4.76 4.76 4.76 4.76 4.76 4.76 4.76 4.76 4.76 4.76 4.76 4.76 4.76 4.76 4.76 4.76 4.76 4.76 4.76 4.76 4.76 4.76 4.76 4.76 4.76 4.76 4.76 4.76 4.76 4.76 4.76 4.76 4.76 4.76 4.76 4.76 4.76 4.76 4.76 4.76 4.76 4.76 4.76 4.76 4.76 4.76 4.76 4.76 4.76 4.76 4.76 4.76 4.76 4.76 4.76 4.76 4.76 4.76 4.76 4.76 4.76 4.76 4.76 4.76 4.76 4.76 4.76 4.76 4.76 4.76 4.76 4.76 4.76 4.76 4.76 4.76 4.76 4.76 4.76 4.76 4.76 4.76 4.76 4.76 4.76 4.76 4.76 4.76 4.76 4.76 4.76 4.76 4.76 4.76 4.76 4.76 4.76 4.76 4.76 4.76 4.76 4.76 4.76 4.76 4.76 4.76
name               DischargeRegion_0_Port_3
index              4
type               Discharge
regionIndex        1
x_coordinate       10246
y_coordinate       19142
fixedPortFee       28
numBerths          1
maxAmountPerPeriod 180
minAmountPerPeriod 45
capacity           312
initialInventory   156
consumption        26 26 26 26 26 26 26 26 26 26 26 26 26 26 26 26 26 26 26 26 26 26 26 26 26 26 26 26 26 26 26 26 26 26 26 26 26 26 26 26 26 26 26 26 26 26 26 26 26 26 26 26 26 26 26 26 26 26 26 26 26 26 26 26 26 26 26 26 26 26 26 26 26 26 26 26 26 26 26 26 26 26 26 26 26 26 26 26 26 26 26 26 26 26 26 26 26 26 26 26 26 26 26 26 26 26 26 26 26 26 26 26 26 26 26 26 26 26 26 26 26 26 26 26 26 26 26 26 26 26 26 26 26 26 26 26 26 26 26 26 26 26 26 26 26 26 26 26 26 26 26 26 26 26 26 26 26 26 26 26 26 26 26 26 26 26 26 26 26 26 26 26 26 26 26 26 26 26 26 26 26 26 26 26 26 26 26 26 26 26 26 26 26 26 26 26 26 26 26 26 26 26 26 26 26 26 26 26 26 26 26 26 26 26 26 26 26 26 26 26 26 26 26 26 26 26 26 26 26 26 26 26 26 26 26 26 26 26 26 26 26 26 26 26 26 26 26 26 26 26 26 26 26 26 26 26 26 26 26 26 26 26 26 26 26 26 26 26 26 26 26 26 26 26 26 26 26 26 26 26 26 26 26 26 26 26 26 26 26 26 26 26 26 26 26 26 26 26 26 26 26 26 26 26 26 26 26 26 26 26 26 26 26 26 26 26 26 26 26 26 26 26 26 26 26 26 26 26 26 26 26 26 26 26 26 26 26 26 26 26 26 26 26 26 26 26 26 26 26 26 26 26 26 26 26 26 26 26 26 26
revenue            4.76 4.76 4.76 4.76 4.76 4.76 4.76 4.76 4.76 4.76 4.76 4.76 4.76 4.76 4.76 4.76 4.76 4.76 4.76 4.76 4.76 4.76 4.76 4.76 4.76 4.76 4.76 4.76 4.76 4.76 4.76 4.76 4.76 4.76 4.76 4.76 4.76 4.76 4.76 4.76 4.76 4.76 4.76 4.76 4.76 4.76 4.76 4.76 4.76 4.76 4.76 4.76 4.76 4.76 4.76 4.76 4.76 4.76 4.76 4.76 4.76 4.76 4.76 4.76 4.76 4.76 4.76 4.76 4.76 4.76 4.76 4.76 4.76 4.76 4.76 4.76 4.76 4.76 4.76 4.76 4.76 4.76 4.76 4.76 4.76 4.76 4.76 4.76 4.76 4.76 4.76 4.76 4.76 4.76 4.76 4.76 4.76 4.76 4.76 4.76 4.76 4.76 4.76 4.76 4.76 4.76 4.76 4.76 4.76 4.76 4.76 4.76 4.76 4.76 4.76 4.76 4.76 4.76 4.76 4.76 4.76 4.76 4.76 4.76 4.76 4.76 4.76 4.76 4.76 4.76 4.76 4.76 4.76 4.76 4.76 4.76 4.76 4.76 4.76 4.76 4.76 4.76 4.76 4.76 4.76 4.76 4.76 4.76 4.76 4.76 4.76 4.76 4.76 4.76 4.76 4.76 4.76 4.76 4.76 4.76 4.76 4.76 4.76 4.76 4.76 4.76 4.76 4.76 4.76 4.76 4.76 4.76 4.76 4.76 4.76 4.76 4.76 4.76 4.76 4.76 4.76 4.76 4.76 4.76 4.76 4.76 4.76 4.76 4.76 4.76 4.76 4.76 4.76 4.76 4.76 4.76 4.76 4.76 4.76 4.76 4.76 4.76 4.76 4.76 4.76 4.76 4.76 4.76 4.76 4.76 4.76 4.76 4.76 4.76 4.76 4.76 4.76 4.76 4.76 4.76 4.76 4.76 4.76 4.76 4.76 4.76 4.76 4.76 4.76 4.76 4.76 4.76 4.76 4.76 4.76 4.76 4.76 4.76 4.76 4.76 4.76 4.76 4.76 4.76 4.76 4.76 4.76 4.76 4.76 4.76 4.76 4.76 4.76 4.76 4.76 4.76 4.76 4.76 4.76 4.76 4.76 4.76 4.76 4.76 4.76 4.76 4.76 4.76 4.76 4.76 4.76 4.76 4.76 4.76 4.76 4.76 4.76 4.76 4.76 4.76 4.76 4.76 4.76 4.76 4.76 4.76 4.76 4.76 4.76 4.76 4.76 4.76 4.76 4.76 4.76 4.76 4.76 4.76 4.76 4.76 4.76 4.76 4.76 4.76 4.76 4.76 4.76 4.76 4.76 4.76 4.76 4.76 4.76 4.76 4.76 4.76 4.76 4.76 4.76 4.76 4.76 4.76 4.76 4.76 4.76 4.76 4.76 4.76 4.76 4.76 4.76 4.76 4.76 4.76 4.76 4.76 4.76 4.76 4.76 4.76 4.76 4.76 4.76 4.76 4.76 4.76 4.76 4.76 4.76 4.76 4.76 4.76 4.76 4.76 4.76 4.76 4.76 4.76 4.76 4.76
