name               DischargeRegion_0_Port_0
index              2
type               Discharge
regionIndex        1
x_coordinate       16626
y_coordinate       14658
fixedPortFee       28
numBerths          1
maxAmountPerPeriod 443
minAmountPerPeriod 60
capacity           344
initialInventory   172
consumption        43 43 43 43 43 43 43 43 43 43 43 43 43 43 43 43 43 43 43 43 43 43 43 43 43 43 43 43 43 43 43 43 43 43 43 43 43 43 43 43 43 43 43 43 43 43 43 43 43 43 43 43 43 43 43 43 43 43 43 43 43 43 43 43 43 43 43 43 43 43 43 43 43 43 43 43 43 43 43 43 43 43 43 43 43 43 43 43 43 43 43 43 43 43 43 43 43 43 43 43 43 43 43 43 43 43 43 43 43 43 43 43 43 43 43 43 43 43 43 43 43 43 43 43 43 43 43 43 43 43 43 43 43 43 43 43 43 43 43 43 43 43 43 43 43 43 43 43 43 43 43 43 43 43 43 43 43 43 43 43 43 43 43 43 43 43 43 43 43 43 43 43 43 43 43 43 43 43 43 43 43 43 43 43 43 43 43 43 43 43 43 43 43 43 43 43 43 43 43 43 43 43 43 43 43 43 43 43 43 43 43 43 43 43 43 43 43 43 43 43 43 43 43 43 43 43 43 43 43 43 43 43 43 43 43 43 43 43 43 43 43 43 43 43 43 43 43 43 43 43 43 43 43 43 43 43 43 43 43 43 43 43 43 43 43 43 43 43 43 43 43 43 43 43 43 43 43 43 43 43 43 43 43 43 43 43 43 43 43 43 43 43 43 43 43 43 43 43 43 43 43 43 43 43 43 43 43 43 43 43 43 43 43 43 43 43 43 43 43 43 43 43 43 43 43 43 43 43 43 43 43 43 43 43 43 43 43 43 43 43 43 43 43 43 43 43 43 43 43 43 43 43 43 43 43 43 43 43 43 43
revenue            5.19 5.19 5.19 5.19 5.19 5.19 5.19 5.19 5.19 5.19 5.19 5.19 5.19 5.19 5.19 5.19 5.19 5.19 5.19 5.19 5.19 5.19 5.19 5.19 5.19 5.19 5.19 5.19 5.19 5.19 5.19 5.19 5.19 5.19 5.19 5.19 5.19 5.19 5.19 5.19 5.19 5.19 5.19 5.19 5.19 5.19 5.19 5.19 5.19 5.19 5.19 5.19 5.19 5.19 5.19 5.19 5.19 5.19 5.19 5.19 5.19 5.19 5.19 5.19 5.19 5.19 5.19 5.19 5.19 5.19 5.19 5.19 5.19 5.19 5.19 5.19 5.19 5.19 5.19 5.19 5.19 5.19 5.19 5.19 5.19 5.19 5.19 5.19 5.19 5.19 5.19 5.19 5.19 5.19 5.19 5.19 5.19 5.19 5.19 5.19 5.19 5.19 5.19 5.19 5.19 5.19 5.19 5.19 5.19 5.19 5.19 5.19 5.19 5.19 5.19 5.19 5.19 5.19 5.19 5.19 5.19 5.19 5.19 5.19 5.19 5.19 5.19 5.19 5.19 5.19 5.19 5.19 5.19 5.19 5.19 5.19 5.19 5.19 5.19 5.19 5.19 5.19 5.19 5.19 5.19 5.19 5.19 5.19 5.19 5.19 5.19 5.19 5.19 5.19 5.19 5.19 5.19 5.19 5.19 5.19 5.19 5.19 5.19 5.19 5.19 5.19 5.19 5.19 5.19 5.19 5.19 5.19 5.19 5.19 5.19 5.19 5.19 5.19 5.19 5.19 5.19 5.19 5.19 5.19 5.19 5.19 5.19 5.19 5.19 5.19 5.19 5.19 5.19 5.19 5.19 5.19 5.19 5.19 5.19 5.19 5.19 5.19 5.19 5.19 5.19 5.19 5.19 5.19 5.19 5.19 5.19 5.19 5.19 5.19 5.19 5.19 5.19 5.19 5.19 5.19 5.19 5.19 5.19 5.19 5.19 5.19 5.19 5.19 5.19 5.19 5.19 5.19 5.19 5.19 5.19 5.19 5.19 5.19 5.19 5.19 5.19 5.19 5.19 5.19 5.19 5.19 5.19 5.19 5.19 5.19 5.19 5.19 5.19 5.19 5.19 5.19 5.19 5.19 5.19 5.19 5.19 5.19 5.19 5.19 5.19 5.19 5.19 5.19 5.19 5.19 5.19 5.19 5.19 5.19 5.19 5.19 5.19 5.19 5.19 5.19 5.19 5.19 5.19 5.19 5.19 5.19 5.19 5.19 5.19 5.19 5.19 5.19 5.19 5.19 5.19 5.19 5.19 5.19 5.19 5.19 5.19 5.19 5.19 5.19 5.19 5.19 5.19 5.19 5.19 5.19 5.19 5.19 5.19 5.19 5.19 5.19 5.19 5.19 5.19 5.19 5.19 5.19 5.19 5.19 5.19 5.19 5.19 5.19 5.19 5.19 5.19 5.19 5.19 5.19 5.19 5.19 5.19 5.19 5.19 5.19 5.19 5.19 5.19 5.19 5.19 5.19 5.19 5.19 5.19 5.19 5.19 5.19 5.19 5.19 5.19 5.19 5.19 5.19 5.19 5.19
name               DischargeRegion_0_Port_1
index              3
type               Discharge
regionIndex        1
x_coordinate       16669
y_coordinate       14686
fixedPortFee       93
numBerths          1
maxAmountPerPeriod 358
minAmountPerPeriod 40
capacity           455
initialInventory   210
consumption        35 35 35 35 35 35 35 35 35 35 35 35 35 35 35 35 35 35 35 35 35 35 35 35 35 35 35 35 35 35 35 35 35 35 35 35 35 35 35 35 35 35 35 35 35 35 35 35 35 35 35 35 35 35 35 35 35 35 35 35 35 35 35 35 35 35 35 35 35 35 35 35 35 35 35 35 35 35 35 35 35 35 35 35 35 35 35 35 35 35 35 35 35 35 35 35 35 35 35 35 35 35 35 35 35 35 35 35 35 35 35 35 35 35 35 35 35 35 35 35 35 35 35 35 35 35 35 35 35 35 35 35 35 35 35 35 35 35 35 35 35 35 35 35 35 35 35 35 35 35 35 35 35 35 35 35 35 35 35 35 35 35 35 35 35 35 35 35 35 35 35 35 35 35 35 35 35 35 35 35 35 35 35 35 35 35 35 35 35 35 35 35 35 35 35 35 35 35 35 35 35 35 35 35 35 35 35 35 35 35 35 35 35 35 35 35 35 35 35 35 35 35 35 35 35 35 35 35 35 35 35 35 35 35 35 35 35 35 35 35 35 35 35 35 35 35 35 35 35 35 35 35 35 35 35 35 35 35 35 35 35 35 35 35 35 35 35 35 35 35 35 35 35 35 35 35 35 35 35 35 35 35 35 35 35 35 35 35 35 35 35 35 35 35 35 35 35 35 35 35 35 35 35 35 35 35 35 35 35 35 35 35 35 35 35 35 35 35 35 35 35 35 35 35 35 35 35 35 35 35 35 35 35 35 35 35 35 35 35 35 35 35 35 35 35 35 35 35 35 35 35 35 35 35 35 35 35 35 35 35
revenue            5.19 5.19 5.19 5.19 5.19 5.19 5.19 5.19 5.19 5.19 5.19 5.19 5.19 5.19 5.19 5.19 5.19 5.19 5.19 5.19 5.19 5.19 5.19 5.19 5.19 5.19 5.19 5.19 5.19 5.19 5.19 5.19 5.19 5.19 5.19 5.19 5.19 5.19 5.19 5.19 5.19 5.19 5.19 5.19 5.19 5.19 5.19 5.19 5.19 5.19 5.19 5.19 5.19 5.19 5.19 5.19 5.19 5.19 5.19 5.19 5.19 5.19 5.19 5.19 5.19 5.19 5.19 5.19 5.19 5.19 5.19 5.19 5.19 5.19 5.19 5.19 5.19 5.19 5.19 5.19 5.19 5.19 5.19 5.19 5.19 5.19 5.19 5.19 5.19 5.19 5.19 5.19 5.19 5.19 5.19 5.19 5.19 5.19 5.19 5.19 5.19 5.19 5.19 5.19 5.19 5.19 5.19 5.19 5.19 5.19 5.19 5.19 5.19 5.19 5.19 5.19 5.19 5.19 5.19 5.19 5.19 5.19 5.19 5.19 5.19 5.19 5.19 5.19 5.19 5.19 5.19 5.19 5.19 5.19 5.19 5.19 5.19 5.19 5.19 5.19 5.19 5.19 5.19 5.19 5.19 5.19 5.19 5.19 5.19 5.19 5.19 5.19 5.19 5.19 5.19 5.19 5.19 5.19 5.19 5.19 5.19 5.19 5.19 5.19 5.19 5.19 5.19 5.19 5.19 5.19 5.19 5.19 5.19 5.19 5.19 5.19 5.19 5.19 5.19 5.19 5.19 5.19 5.19 5.19 5.19 5.19 5.19 5.19 5.19 5.19 5.19 5.19 5.19 5.19 5.19 5.19 5.19 5.19 5.19 5.19 5.19 5.19 5.19 5.19 5.19 5.19 5.19 5.19 5.19 5.19 5.19 5.19 5.19 5.19 5.19 5.19 5.19 5.19 5.19 5.19 5.19 5.19 5.19 5.19 5.19 5.19 5.19 5.19 5.19 5.19 5.19 5.19 5.19 5.19 5.19 5.19 5.19 5.19 5.19 5.19 5.19 5.19 5.19 5.19 5.19 5.19 5.19 5.19 5.19 5.19 5.19 5.19 5.19 5.19 5.19 5.19 5.19 5.19 5.19 5.19 5.19 5.19 5.19 5.19 5.19 5.19 5.19 5.19 5.19 5.19 5.19 5.19 5.19 5.19 5.19 5.19 5.19 5.19 5.19 5.19 5.19 5.19 5.19 5.19 5.19 5.19 5.19 5.19 5.19 5.19 5.19 5.19 5.19 5.19 5.19 5.19 5.19 5.19 5.19 5.19 5.19 5.19 5.19 5.19 5.19 5.19 5.19 5.19 5.19 5.19 5.19 5.19 5.19 5.19 5.19 5.19 5.19 5.19 5.19 5.19 5.19 5.19 5.19 5.19 5.19 5.19 5.19 5.19 5.19 5.19 5.19 5.19 5.19 5.19 5.19 5.19 5.19 5.19 5.19 5.19 5.19 5.19 5.19 5.19 5.19 5.19 5.19 5.19 5.19 5.19 5.19 5.19 5.19 5.19 5.19 5.19 5.19 5.19 5.19 5.19
name               DischargeRegion_0_Port_2
index              4
type               Discharge
regionIndex        1
x_coordinate       17312
y_coordinate       14583
fixedPortFee       73
numBerths          1
maxAmountPerPeriod 230
minAmountPerPeriod 50
capacity           316
initialInventory   108
consumption        32 32 32 32 32 32 32 32 32 32 32 32 32 32 32 32 32 32 32 32 32 32 32 32 32 32 32 32 32 32 32 32 32 32 32 32 32 32 32 32 32 32 32 32 32 32 32 32 32 32 32 32 32 32 32 32 32 32 32 32 32 32 32 32 32 32 32 32 32 32 32 32 32 32 32 32 32 32 32 32 32 32 32 32 32 32 32 32 32 32 32 32 32 32 32 32 32 32 32 32 32 32 32 32 32 32 32 32 32 32 32 32 32 32 32 32 32 32 32 32 32 32 32 32 32 32 32 32 32 32 32 32 32 32 32 32 32 32 32 32 32 32 32 32 32 32 32 32 32 32 32 32 32 32 32 32 32 32 32 32 32 32 32 32 32 32 32 32 32 32 32 32 32 32 32 32 32 32 32 32 32 32 32 32 32 32 32 32 32 32 32 32 32 32 32 32 32 32 32 32 32 32 32 32 32 32 32 32 32 32 32 32 32 32 32 32 32 32 32 32 32 32 32 32 32 32 32 32 32 32 32 32 32 32 32 32 32 32 32 32 32 32 32 32 32 32 32 32 32 32 32 32 32 32 32 32 32 32 32 32 32 32 32 32 32 32 32 32 32 32 32 32 32 32 32 32 32 32 32 32 32 32 32 32 32 32 32 32 32 32 32 32 32 32 32 32 32 32 32 32 32 32 32 32 32 32 32 32 32 32 32 32 32 32 32 32 32 32 32 32 32 32 32 32 32 32 32 32 32 32 32 32 32 32 32 32 32 32 32 32 32 32 32 32 32 32 32 32 32 32 32 32 32 32 32 32 32 32 32 32
revenue            5.19 5.19 5.19 5.19 5.19 5.19 5.19 5.19 5.19 5.19 5.19 5.19 5.19 5.19 5.19 5.19 5.19 5.19 5.19 5.19 5.19 5.19 5.19 5.19 5.19 5.19 5.19 5.19 5.19 5.19 5.19 5.19 5.19 5.19 5.19 5.19 5.19 5.19 5.19 5.19 5.19 5.19 5.19 5.19 5.19 5.19 5.19 5.19 5.19 5.19 5.19 5.19 5.19 5.19 5.19 5.19 5.19 5.19 5.19 5.19 5.19 5.19 5.19 5.19 5.19 5.19 5.19 5.19 5.19 5.19 5.19 5.19 5.19 5.19 5.19 5.19 5.19 5.19 5.19 5.19 5.19 5.19 5.19 5.19 5.19 5.19 5.19 5.19 5.19 5.19 5.19 5.19 5.19 5.19 5.19 5.19 5.19 5.19 5.19 5.19 5.19 5.19 5.19 5.19 5.19 5.19 5.19 5.19 5.19 5.19 5.19 5.19 5.19 5.19 5.19 5.19 5.19 5.19 5.19 5.19 5.19 5.19 5.19 5.19 5.19 5.19 5.19 5.19 5.19 5.19 5.19 5.19 5.19 5.19 5.19 5.19 5.19 5.19 5.19 5.19 5.19 5.19 5.19 5.19 5.19 5.19 5.19 5.19 5.19 5.19 5.19 5.19 5.19 5.19 5.19 5.19 5.19 5.19 5.19 5.19 5.19 5.19 5.19 5.19 5.19 5.19 5.19 5.19 5.19 5.19 5.19 5.19 5.19 5.19 5.19 5.19 5.19 5.19 5.19 5.19 5.19 5.19 5.19 5.19 5.19 5.19 5.19 5.19 5.19 5.19 5.19 5.19 5.19 5.19 5.19 5.19 5.19 5.19 5.19 5.19 5.19 5.19 5.19 5.19 5.19 5.19 5.19 5.19 5.19 5.19 5.19 5.19 5.19 5.19 5.19 5.19 5.19 5.19 5.19 5.19 5.19 5.19 5.19 5.19 5.19 5.19 5.19 5.19 5.19 5.19 5.19 5.19 5.19 5.19 5.19 5.19 5.19 5.19 5.19 5.19 5.19 5.19 5.19 5.19 5.19 5.19 5.19 5.19 5.19 5.19 5.19 5.19 5.19 5.19 5.19 5.19 5.19 5.19 5.19 5.19 5.19 5.19 5.19 5.19 5.19 5.19 5.19 5.19 5.19 5.19 5.19 5.19 5.19 5.19 5.19 5.19 5.19 5.19 5.19 5.19 5.19 5.19 5.19 5.19 5.19 5.19 5.19 5.19 5.19 5.19 5.19 5.19 5.19 5.19 5.19 5.19 5.19 5.19 5.19 5.19 5.19 5.19 5.19 5.19 5.19 5.19 5.19 5.19 5.19 5.19 5.19 5.19 5.19 5.19 5.19 5.19 5.19 5.19 5.19 5.19 5.19 5.19 5.19 5.19 5.19 5.19 5.19 5.19 5.19 5.19 5.19 5.19 5.19 5.19 5.19 5.19 5.19 5.19 5.19 5.19 5.19 5.19 5.19 5.19 5.19 5.19 5.19 5.19 5.19 5.19 5.19 5.19 5.19 5.19 5.19 5.19 5.19 5.19 5.19 5.19
