name               DischargeRegion_0_Port_0
index              2
type               Discharge
regionIndex        1
x_coordinate       16630
y_coordinate       14657
fixedPortFee       60
numBerths          1
maxAmountPerPeriod 246
minAmountPerPeriod 60
capacity           374
initialInventory   221
consumption        34 34 34 34 34 34 34 34 34 34 34 34 34 34 34 34 34 34 34 34 34 34 34 34 34 34 34 34 34 34 34 34 34 34 34 34 34 34 34 34 34 34 34 34 34 34 34 34 34 34 34 34 34 34 34 34 34 34 34 34 34 34 34 34 34 34 34 34 34 34 34 34 34 34 34 34 34 34 34 34 34 34 34 34 34 34 34 34 34 34 34 34 34 34 34 34 34 34 34 34 34 34 34 34 34 34 34 34 34 34 34 34 34 34 34 34 34 34 34 34 34 34 34 34 34 34 34 34 34 34 34 34 34 34 34 34 34 34 34 34 34 34 34 34 34 34 34 34 34 34 34 34 34 34 34 34 34 34 34 34 34 34 34 34 34 34 34 34 34 34 34 34 34 34 34 34 34 34 34 34 34 34 34 34 34 34 34 34 34 34 34 34 34 34 34 34 34 34 34 34 34 34 34 34 34 34 34 34 34 34 34 34 34 34 34 34 34 34 34 34 34 34 34 34 34 34 34 34 34 34 34 34 34 34 34 34 34 34 34 34 34 34 34 34 34 34 34 34 34 34 34 34 34 34 34 34 34 34 34 34 34 34 34 34 34 34 34 34 34 34 34 34 34 34 34 34 34 34 34 34 34 34 34 34 34 34 34 34 34 34 34 34 34 34 34 34 34 34 34 34 34 34 34 34 34 34 34 34 34 34 34 34 34 34 34 34 34 34 34 34 34 34 34 34 34 34 34 34 34 34 34 34 34 34 34 34 34 34 34 34 34 34 34 34 34 34 34 34 34 34 34 34 34 34 34 34 34 34 34 34
revenue            5.43 5.43 5.43 5.43 5.43 5.43 5.43 5.43 5.43 5.43 5.43 5.43 5.43 5.43 5.43 5.43 5.43 5.43 5.43 5.43 5.43 5.43 5.43 5.43 5.43 5.43 5.43 5.43 5.43 5.43 5.43 5.43 5.43 5.43 5.43 5.43 5.43 5.43 5.43 5.43 5.43 5.43 5.43 5.43 5.43 5.43 5.43 5.43 5.43 5.43 5.43 5.43 5.43 5.43 5.43 5.43 5.43 5.43 5.43 5.43 5.43 5.43 5.43 5.43 5.43 5.43 5.43 5.43 5.43 5.43 5.43 5.43 5.43 5.43 5.43 5.43 5.43 5.43 5.43 5.43 5.43 5.43 5.43 5.43 5.43 5.43 5.43 5.43 5.43 5.43 5.43 5.43 5.43 5.43 5.43 5.43 5.43 5.43 5.43 5.43 5.43 5.43 5.43 5.43 5.43 5.43 5.43 5.43 5.43 5.43 5.43 5.43 5.43 5.43 5.43 5.43 5.43 5.43 5.43 5.43 5.43 5.43 5.43 5.43 5.43 5.43 5.43 5.43 5.43 5.43 5.43 5.43 5.43 5.43 5.43 5.43 5.43 5.43 5.43 5.43 5.43 5.43 5.43 5.43 5.43 5.43 5.43 5.43 5.43 5.43 5.43 5.43 5.43 5.43 5.43 5.43 5.43 5.43 5.43 5.43 5.43 5.43 5.43 5.43 5.43 5.43 5.43 5.43 5.43 5.43 5.43 5.43 5.43 5.43 5.43 5.43 5.43 5.43 5.43 5.43 5.43 5.43 5.43 5.43 5.43 5.43 5.43 5.43 5.43 5.43 5.43 5.43 5.43 5.43 5.43 5.43 5.43 5.43 5.43 5.43 5.43 5.43 5.43 5.43 5.43 5.43 5.43 5.43 5.43 5.43 5.43 5.43 5.43 5.43 5.43 5.43 5.43 5.43 5.43 5.43 5.43 5.43 5.43 5.43 5.43 5.43 5.43 5.43 5.43 5.43 5.43 5.43 5.43 5.43 5.43 5.43 5.43 5.43 5.43 5.43 5.43 5.43 5.43 5.43 5.43 5.43 5.43 5.43 5.43 5.43 5.43 5.43 5.43 5.43 5.43 5.43 5.43 5.43 5.43 5.43 5.43 5.43 5.43 5.43 5.43 5.43 5.43 5.43 5.43 5.43 5.43 5.43 5.43 5.43 5.43 5.43 5.43 5.43 5.43 5.43 5.43 5.43 5.43 5.43 5.43 5.43 5.43 5.43 5.43 5.43 5.43 5.43 5.43 5.43 5.43 5.43 5.43 5.43 5.43 5.43 5.43 5.43 5.43 5.43 5.43 5.43 5.43 5.43 5.43 5.43 5.43 5.43 5.43 5.43 5.43 5.43 5.43 5.43 5.43 5.43 5.43 5.43 5.43 5.43 5.43 5.43 5.43 5.43 5.43 5.43 5.43 5.43 5.43 5.43 5.43 5.43 5.43 5.43 5.43 5.43 5.43 5.43 5.43 5.43 5.43 5.43 5.43 5.43 5.43 5.43 5.43 5.43 5.43 5.43 5.43 5.43 5.43 5.43 5.43 5.43
name               DischargeRegion_0_Port_1
index              3
type               Discharge
regionIndex        1
x_coordinate       16769
y_coordinate       14774
fixedPortFee       82
numBerths          1
maxAmountPerPeriod 364
minAmountPerPeriod 60
capacity           403
initialInventory   215
consumption        31 31 31 31 31 31 31 31 31 31 31 31 31 31 31 31 31 31 31 31 31 31 31 31 31 31 31 31 31 31 31 31 31 31 31 31 31 31 31 31 31 31 31 31 31 31 31 31 31 31 31 31 31 31 31 31 31 31 31 31 31 31 31 31 31 31 31 31 31 31 31 31 31 31 31 31 31 31 31 31 31 31 31 31 31 31 31 31 31 31 31 31 31 31 31 31 31 31 31 31 31 31 31 31 31 31 31 31 31 31 31 31 31 31 31 31 31 31 31 31 31 31 31 31 31 31 31 31 31 31 31 31 31 31 31 31 31 31 31 31 31 31 31 31 31 31 31 31 31 31 31 31 31 31 31 31 31 31 31 31 31 31 31 31 31 31 31 31 31 31 31 31 31 31 31 31 31 31 31 31 31 31 31 31 31 31 31 31 31 31 31 31 31 31 31 31 31 31 31 31 31 31 31 31 31 31 31 31 31 31 31 31 31 31 31 31 31 31 31 31 31 31 31 31 31 31 31 31 31 31 31 31 31 31 31 31 31 31 31 31 31 31 31 31 31 31 31 31 31 31 31 31 31 31 31 31 31 31 31 31 31 31 31 31 31 31 31 31 31 31 31 31 31 31 31 31 31 31 31 31 31 31 31 31 31 31 31 31 31 31 31 31 31 31 31 31 31 31 31 31 31 31 31 31 31 31 31 31 31 31 31 31 31 31 31 31 31 31 31 31 31 31 31 31 31 31 31 31 31 31 31 31 31 31 31 31 31 31 31 31 31 31 31 31 31 31 31 31 31 31 31 31 31 31 31 31 31 31 31 31
revenue            5.43 5.43 5.43 5.43 5.43 5.43 5.43 5.43 5.43 5.43 5.43 5.43 5.43 5.43 5.43 5.43 5.43 5.43 5.43 5.43 5.43 5.43 5.43 5.43 5.43 5.43 5.43 5.43 5.43 5.43 5.43 5.43 5.43 5.43 5.43 5.43 5.43 5.43 5.43 5.43 5.43 5.43 5.43 5.43 5.43 5.43 5.43 5.43 5.43 5.43 5.43 5.43 5.43 5.43 5.43 5.43 5.43 5.43 5.43 5.43 5.43 5.43 5.43 5.43 5.43 5.43 5.43 5.43 5.43 5.43 5.43 5.43 5.43 5.43 5.43 5.43 5.43 5.43 5.43 5.43 5.43 5.43 5.43 5.43 5.43 5.43 5.43 5.43 5.43 5.43 5.43 5.43 5.43 5.43 5.43 5.43 5.43 5.43 5.43 5.43 5.43 5.43 5.43 5.43 5.43 5.43 5.43 5.43 5.43 5.43 5.43 5.43 5.43 5.43 5.43 5.43 5.43 5.43 5.43 5.43 5.43 5.43 5.43 5.43 5.43 5.43 5.43 5.43 5.43 5.43 5.43 5.43 5.43 5.43 5.43 5.43 5.43 5.43 5.43 5.43 5.43 5.43 5.43 5.43 5.43 5.43 5.43 5.43 5.43 5.43 5.43 5.43 5.43 5.43 5.43 5.43 5.43 5.43 5.43 5.43 5.43 5.43 5.43 5.43 5.43 5.43 5.43 5.43 5.43 5.43 5.43 5.43 5.43 5.43 5.43 5.43 5.43 5.43 5.43 5.43 5.43 5.43 5.43 5.43 5.43 5.43 5.43 5.43 5.43 5.43 5.43 5.43 5.43 5.43 5.43 5.43 5.43 5.43 5.43 5.43 5.43 5.43 5.43 5.43 5.43 5.43 5.43 5.43 5.43 5.43 5.43 5.43 5.43 5.43 5.43 5.43 5.43 5.43 5.43 5.43 5.43 5.43 5.43 5.43 5.43 5.43 5.43 5.43 5.43 5.43 5.43 5.43 5.43 5.43 5.43 5.43 5.43 5.43 5.43 5.43 5.43 5.43 5.43 5.43 5.43 5.43 5.43 5.43 5.43 5.43 5.43 5.43 5.43 5.43 5.43 5.43 5.43 5.43 5.43 5.43 5.43 5.43 5.43 5.43 5.43 5.43 5.43 5.43 5.43 5.43 5.43 5.43 5.43 5.43 5.43 5.43 5.43 5.43 5.43 5.43 5.43 5.43 5.43 5.43 5.43 5.43 5.43 5.43 5.43 5.43 5.43 5.43 5.43 5.43 5.43 5.43 5.43 5.43 5.43 5.43 5.43 5.43 5.43 5.43 5.43 5.43 5.43 5.43 5.43 5.43 5.43 5.43 5.43 5.43 5.43 5.43 5.43 5.43 5.43 5.43 5.43 5.43 5.43 5.43 5.43 5.43 5.43 5.43 5.43 5.43 5.43 5.43 5.43 5.43 5.43 5.43 5.43 5.43 5.43 5.43 5.43 5.43 5.43 5.43 5.43 5.43 5.43 5.43 5.43 5.43 5.43 5.43 5.43 5.43 5.43 5.43 5.43 5.43 5.43 5.43
name               DischargeRegion_0_Port_2
index              4
type               Discharge
regionIndex        1
x_coordinate       16929
y_coordinate       14422
fixedPortFee       94
numBerths          1
maxAmountPerPeriod 200
minAmountPerPeriod 50
capacity           175
initialInventory   175
consumption        25 25 25 25 25 25 25 25 25 25 25 25 25 25 25 25 25 25 25 25 25 25 25 25 25 25 25 25 25 25 25 25 25 25 25 25 25 25 25 25 25 25 25 25 25 25 25 25 25 25 25 25 25 25 25 25 25 25 25 25 25 25 25 25 25 25 25 25 25 25 25 25 25 25 25 25 25 25 25 25 25 25 25 25 25 25 25 25 25 25 25 25 25 25 25 25 25 25 25 25 25 25 25 25 25 25 25 25 25 25 25 25 25 25 25 25 25 25 25 25 25 25 25 25 25 25 25 25 25 25 25 25 25 25 25 25 25 25 25 25 25 25 25 25 25 25 25 25 25 25 25 25 25 25 25 25 25 25 25 25 25 25 25 25 25 25 25 25 25 25 25 25 25 25 25 25 25 25 25 25 25 25 25 25 25 25 25 25 25 25 25 25 25 25 25 25 25 25 25 25 25 25 25 25 25 25 25 25 25 25 25 25 25 25 25 25 25 25 25 25 25 25 25 25 25 25 25 25 25 25 25 25 25 25 25 25 25 25 25 25 25 25 25 25 25 25 25 25 25 25 25 25 25 25 25 25 25 25 25 25 25 25 25 25 25 25 25 25 25 25 25 25 25 25 25 25 25 25 25 25 25 25 25 25 25 25 25 25 25 25 25 25 25 25 25 25 25 25 25 25 25 25 25 25 25 25 25 25 25 25 25 25 25 25 25 25 25 25 25 25 25 25 25 25 25 25 25 25 25 25 25 25 25 25 25 25 25 25 25 25 25 25 25 25 25 25 25 25 25 25 25 25 25 25 25 25 25 25 25 25
revenue            5.43 5.43 5.43 5.43 5.43 5.43 5.43 5.43 5.43 5.43 5.43 5.43 5.43 5.43 5.43 5.43 5.43 5.43 5.43 5.43 5.43 5.43 5.43 5.43 5.43 5.43 5.43 5.43 5.43 5.43 5.43 5.43 5.43 5.43 5.43 5.43 5.43 5.43 5.43 5.43 5.43 5.43 5.43 5.43 5.43 5.43 5.43 5.43 5.43 5.43 5.43 5.43 5.43 5.43 5.43 5.43 5.43 5.43 5.43 5.43 5.43 5.43 5.43 5.43 5.43 5.43 5.43 5.43 5.43 5.43 5.43 5.43 5.43 5.43 5.43 5.43 5.43 5.43 5.43 5.43 5.43 5.43 5.43 5.43 5.43 5.43 5.43 5.43 5.43 5.43 5.43 5.43 5.43 5.43 5.43 5.43 5.43 5.43 5.43 5.43 5.43 5.43 5.43 5.43 5.43 5.43 5.43 5.43 5.43 5.43 5.43 5.43 5.43 5.43 5.43 5.43 5.43 5.43 5.43 5.43 5.43 5.43 5.43 5.43 5.43 5.43 5.43 5.43 5.43 5.43 5.43 5.43 5.43 5.43 5.43 5.43 5.43 5.43 5.43 5.43 5.43 5.43 5.43 5.43 5.43 5.43 5.43 5.43 5.43 5.43 5.43 5.43 5.43 5.43 5.43 5.43 5.43 5.43 5.43 5.43 5.43 5.43 5.43 5.43 5.43 5.43 5.43 5.43 5.43 5.43 5.43 5.43 5.43 5.43 5.43 5.43 5.43 5.43 5.43 5.43 5.43 5.43 5.43 5.43 5.43 5.43 5.43 5.43 5.43 5.43 5.43 5.43 5.43 5.43 5.43 5.43 5.43 5.43 5.43 5.43 5.43 5.43 5.43 5.43 5.43 5.43 5.43 5.43 5.43 5.43 5.43 5.43 5.43 5.43 5.43 5.43 5.43 5.43 5.43 5.43 5.43 5.43 5.43 5.43 5.43 5.43 5.43 5.43 5.43 5.43 5.43 5.43 5.43 5.43 5.43 5.43 5.43 5.43 5.43 5.43 5.43 5.43 5.43 5.43 5.43 5.43 5.43 5.43 5.43 5.43 5.43 5.43 5.43 5.43 5.43 5.43 5.43 5.43 5.43 5.43 5.43 5.43 5.43 5.43 5.43 5.43 5.43 5.43 5.43 5.43 5.43 5.43 5.43 5.43 5.43 5.43 5.43 5.43 5.43 5.43 5.43 5.43 5.43 5.43 5.43 5.43 5.43 5.43 5.43 5.43 5.43 5.43 5.43 5.43 5.43 5.43 5.43 5.43 5.43 5.43 5.43 5.43 5.43 5.43 5.43 5.43 5.43 5.43 5.43 5.43 5.43 5.43 5.43 5.43 5.43 5.43 5.43 5.43 5.43 5.43 5.43 5.43 5.43 5.43 5.43 5.43 5.43 5.43 5.43 5.43 5.43 5.43 5.43 5.43 5.43 5.43 5.43 5.43 5.43 5.43 5.43 5.43 5.43 5.43 5.43 5.43 5.43 5.43 5.43 5.43 5.43 5.43 5.43 5.43 5.43 5.43 5.43 5.43 5.43 5.43
