name               DischargeRegion_0_Port_0
index              2
type               Discharge
regionIndex        2
x_coordinate       11062
y_coordinate       4897
fixedPortFee       63
numBerths          1
maxAmountPerPeriod 300
minAmountPerPeriod 90
capacity           264
initialInventory   76
consumption        24 24 24 24 24 24 24 24 24 24 24 24 24 24 24 24 24 24 24 24 24 24 24 24 24 24 24 24 24 24 24 24 24 24 24 24 24 24 24 24 24 24 24 24 24 24 24 24 24 24 24 24 24 24 24 24 24 24 24 24 24 24 24 24 24 24 24 24 24 24 24 24 24 24 24 24 24 24 24 24 24 24 24 24 24 24 24 24 24 24 24 24 24 24 24 24 24 24 24 24 24 24 24 24 24 24 24 24 24 24 24 24 24 24 24 24 24 24 24 24 24 24 24 24 24 24 24 24 24 24 24 24 24 24 24 24 24 24 24 24 24 24 24 24 24 24 24 24 24 24 24 24 24 24 24 24 24 24 24 24 24 24 24 24 24 24 24 24 24 24 24 24 24 24 24 24 24 24 24 24 24 24 24 24 24 24 24 24 24 24 24 24 24 24 24 24 24 24 24 24 24 24 24 24 24 24 24 24 24 24 24 24 24 24 24 24 24 24 24 24 24 24 24 24 24 24 24 24 24 24 24 24 24 24 24 24 24 24 24 24 24 24 24 24 24 24 24 24 24 24 24 24 24 24 24 24 24 24 24 24 24 24 24 24 24 24 24 24 24 24 24 24 24 24 24 24 24 24 24 24 24 24 24 24 24 24 24 24 24 24 24 24 24 24 24 24 24 24 24 24 24 24 24 24 24 24 24 24 24 24 24 24 24 24 24 24 24 24 24 24 24 24 24 24 24 24 24 24 24 24 24 24 24 24 24 24 24 24 24 24 24 24 24 24 24 24 24 24 24 24 24 24 24 24 24 24 24 24 24 24
revenue            5.02 5.02 5.02 5.02 5.02 5.02 5.02 5.02 5.02 5.02 5.02 5.02 5.02 5.02 5.02 5.02 5.02 5.02 5.02 5.02 5.02 5.02 5.02 5.02 5.02 5.02 5.02 5.02 5.02 5.02 5.02 5.02 5.02 5.02 5.02 5.02 5.02 5.02 5.02 5.02 5.02 5.02 5.02 5.02 5.02 5.02 5.02 5.02 5.02 5.02 5.02 5.02 5.02 5.02 5.02 5.02 5.02 5.02 5.02 5.02 5.02 5.02 5.02 5.02 5.02 5.02 5.02 5.02 5.02 5.02 5.02 5.02 5.02 5.02 5.02 5.02 5.02 5.02 5.02 5.02 5.02 5.02 5.02 5.02 5.02 5.02 5.02 5.02 5.02 5.02 5.02 5.02 5.02 5.02 5.02 5.02 5.02 5.02 5.02 5.02 5.02 5.02 5.02 5.02 5.02 5.02 5.02 5.02 5.02 5.02 5.02 5.02 5.02 5.02 5.02 5.02 5.02 5.02 5.02 5.02 5.02 5.02 5.02 5.02 5.02 5.02 5.02 5.02 5.02 5.02 5.02 5.02 5.02 5.02 5.02 5.02 5.02 5.02 5.02 5.02 5.02 5.02 5.02 5.02 5.02 5.02 5.02 5.02 5.02 5.02 5.02 5.02 5.02 5.02 5.02 5.02 5.02 5.02 5.02 5.02 5.02 5.02 5.02 5.02 5.02 5.02 5.02 5.02 5.02 5.02 5.02 5.02 5.02 5.02 5.02 5.02 5.02 5.02 5.02 5.02 5.02 5.02 5.02 5.02 5.02 5.02 5.02 5.02 5.02 5.02 5.02 5.02 5.02 5.02 5.02 5.02 5.02 5.02 5.02 5.02 5.02 5.02 5.02 5.02 5.02 5.02 5.02 5.02 5.02 5.02 5.02 5.02 5.02 5.02 5.02 5.02 5.02 5.02 5.02 5.02 5.02 5.02 5.02 5.02 5.02 5.02 5.02 5.02 5.02 5.02 5.02 5.02 5.02 5.02 5.02 5.02 5.02 5.02 5.02 5.02 5.02 5.02 5.02 5.02 5.02 5.02 5.02 5.02 5.02 5.02 5.02 5.02 5.02 5.02 5.02 5.02 5.02 5.02 5.02 5.02 5.02 5.02 5.02 5.02 5.02 5.02 5.02 5.02 5.02 5.02 5.02 5.02 5.02 5.02 5.02 5.02 5.02 5.02 5.02 5.02 5.02 5.02 5.02 5.02 5.02 5.02 5.02 5.02 5.02 5.02 5.02 5.02 5.02 5.02 5.02 5.02 5.02 5.02 5.02 5.02 5.02 5.02 5.02 5.02 5.02 5.02 5.02 5.02 5.02 5.02 5.02 5.02 5.02 5.02 5.02 5.02 5.02 5.02 5.02 5.02 5.02 5.02 5.02 5.02 5.02 5.02 5.02 5.02 5.02 5.02 5.02 5.02 5.02 5.02 5.02 5.02 5.02 5.02 5.02 5.02 5.02 5.02 5.02 5.02 5.02 5.02 5.02 5.02 5.02 5.02 5.02 5.02 5.02 5.02 5.02 5.02 5.02 5.02 5.02 5.02
name               DischargeRegion_0_Port_1
index              3
type               Discharge
regionIndex        2
x_coordinate       11158
y_coordinate       4943
fixedPortFee       86
numBerths          1
maxAmountPerPeriod 210
minAmountPerPeriod 80
capacity           189
initialInventory   21
consumption        21 21 21 21 21 21 21 21 21 21 21 21 21 21 21 21 21 21 21 21 21 21 21 21 21 21 21 21 21 21 21 21 21 21 21 21 21 21 21 21 21 21 21 21 21 21 21 21 21 21 21 21 21 21 21 21 21 21 21 21 21 21 21 21 21 21 21 21 21 21 21 21 21 21 21 21 21 21 21 21 21 21 21 21 21 21 21 21 21 21 21 21 21 21 21 21 21 21 21 21 21 21 21 21 21 21 21 21 21 21 21 21 21 21 21 21 21 21 21 21 21 21 21 21 21 21 21 21 21 21 21 21 21 21 21 21 21 21 21 21 21 21 21 21 21 21 21 21 21 21 21 21 21 21 21 21 21 21 21 21 21 21 21 21 21 21 21 21 21 21 21 21 21 21 21 21 21 21 21 21 21 21 21 21 21 21 21 21 21 21 21 21 21 21 21 21 21 21 21 21 21 21 21 21 21 21 21 21 21 21 21 21 21 21 21 21 21 21 21 21 21 21 21 21 21 21 21 21 21 21 21 21 21 21 21 21 21 21 21 21 21 21 21 21 21 21 21 21 21 21 21 21 21 21 21 21 21 21 21 21 21 21 21 21 21 21 21 21 21 21 21 21 21 21 21 21 21 21 21 21 21 21 21 21 21 21 21 21 21 21 21 21 21 21 21 21 21 21 21 21 21 21 21 21 21 21 21 21 21 21 21 21 21 21 21 21 21 21 21 21 21 21 21 21 21 21 21 21 21 21 21 21 21 21 21 21 21 21 21 21 21 21 21 21 21 21 21 21 21 21 21 21 21 21 21 21 21 21 21 21
revenue            5.02 5.02 5.02 5.02 5.02 5.02 5.02 5.02 5.02 5.02 5.02 5.02 5.02 5.02 5.02 5.02 5.02 5.02 5.02 5.02 5.02 5.02 5.02 5.02 5.02 5.02 5.02 5.02 5.02 5.02 5.02 5.02 5.02 5.02 5.02 5.02 5.02 5.02 5.02 5.02 5.02 5.02 5.02 5.02 5.02 5.02 5.02 5.02 5.02 5.02 5.02 5.02 5.02 5.02 5.02 5.02 5.02 5.02 5.02 5.02 5.02 5.02 5.02 5.02 5.02 5.02 5.02 5.02 5.02 5.02 5.02 5.02 5.02 5.02 5.02 5.02 5.02 5.02 5.02 5.02 5.02 5.02 5.02 5.02 5.02 5.02 5.02 5.02 5.02 5.02 5.02 5.02 5.02 5.02 5.02 5.02 5.02 5.02 5.02 5.02 5.02 5.02 5.02 5.02 5.02 5.02 5.02 5.02 5.02 5.02 5.02 5.02 5.02 5.02 5.02 5.02 5.02 5.02 5.02 5.02 5.02 5.02 5.02 5.02 5.02 5.02 5.02 5.02 5.02 5.02 5.02 5.02 5.02 5.02 5.02 5.02 5.02 5.02 5.02 5.02 5.02 5.02 5.02 5.02 5.02 5.02 5.02 5.02 5.02 5.02 5.02 5.02 5.02 5.02 5.02 5.02 5.02 5.02 5.02 5.02 5.02 5.02 5.02 5.02 5.02 5.02 5.02 5.02 5.02 5.02 5.02 5.02 5.02 5.02 5.02 5.02 5.02 5.02 5.02 5.02 5.02 5.02 5.02 5.02 5.02 5.02 5.02 5.02 5.02 5.02 5.02 5.02 5.02 5.02 5.02 5.02 5.02 5.02 5.02 5.02 5.02 5.02 5.02 5.02 5.02 5.02 5.02 5.02 5.02 5.02 5.02 5.02 5.02 5.02 5.02 5.02 5.02 5.02 5.02 5.02 5.02 5.02 5.02 5.02 5.02 5.02 5.02 5.02 5.02 5.02 5.02 5.02 5.02 5.02 5.02 5.02 5.02 5.02 5.02 5.02 5.02 5.02 5.02 5.02 5.02 5.02 5.02 5.02 5.02 5.02 5.02 5.02 5.02 5.02 5.02 5.02 5.02 5.02 5.02 5.02 5.02 5.02 5.02 5.02 5.02 5.02 5.02 5.02 5.02 5.02 5.02 5.02 5.02 5.02 5.02 5.02 5.02 5.02 5.02 5.02 5.02 5.02 5.02 5.02 5.02 5.02 5.02 5.02 5.02 5.02 5.02 5.02 5.02 5.02 5.02 5.02 5.02 5.02 5.02 5.02 5.02 5.02 5.02 5.02 5.02 5.02 5.02 5.02 5.02 5.02 5.02 5.02 5.02 5.02 5.02 5.02 5.02 5.02 5.02 5.02 5.02 5.02 5.02 5.02 5.02 5.02 5.02 5.02 5.02 5.02 5.02 5.02 5.02 5.02 5.02 5.02 5.02 5.02 5.02 5.02 5.02 5.02 5.02 5.02 5.02 5.02 5.02 5.02 5.02 5.02 5.02 5.02 5.02 5.02 5.02 5.02 5.02 5.02 5.02 5.02
name               DischargeRegion_0_Port_2
index              4
type               Discharge
regionIndex        2
x_coordinate       10841
y_coordinate       5195
fixedPortFee       69
numBerths          1
maxAmountPerPeriod 135
minAmountPerPeriod 75
capacity           120
initialInventory   0
consumption        15 15 15 15 15 15 15 15 15 15 15 15 15 15 15 15 15 15 15 15 15 15 15 15 15 15 15 15 15 15 15 15 15 15 15 15 15 15 15 15 15 15 15 15 15 15 15 15 15 15 15 15 15 15 15 15 15 15 15 15 15 15 15 15 15 15 15 15 15 15 15 15 15 15 15 15 15 15 15 15 15 15 15 15 15 15 15 15 15 15 15 15 15 15 15 15 15 15 15 15 15 15 15 15 15 15 15 15 15 15 15 15 15 15 15 15 15 15 15 15 15 15 15 15 15 15 15 15 15 15 15 15 15 15 15 15 15 15 15 15 15 15 15 15 15 15 15 15 15 15 15 15 15 15 15 15 15 15 15 15 15 15 15 15 15 15 15 15 15 15 15 15 15 15 15 15 15 15 15 15 15 15 15 15 15 15 15 15 15 15 15 15 15 15 15 15 15 15 15 15 15 15 15 15 15 15 15 15 15 15 15 15 15 15 15 15 15 15 15 15 15 15 15 15 15 15 15 15 15 15 15 15 15 15 15 15 15 15 15 15 15 15 15 15 15 15 15 15 15 15 15 15 15 15 15 15 15 15 15 15 15 15 15 15 15 15 15 15 15 15 15 15 15 15 15 15 15 15 15 15 15 15 15 15 15 15 15 15 15 15 15 15 15 15 15 15 15 15 15 15 15 15 15 15 15 15 15 15 15 15 15 15 15 15 15 15 15 15 15 15 15 15 15 15 15 15 15 15 15 15 15 15 15 15 15 15 15 15 15 15 15 15 15 15 15 15 15 15 15 15 15 15 15 15 15 15 15 15 15 15
revenue            5.02 5.02 5.02 5.02 5.02 5.02 5.02 5.02 5.02 5.02 5.02 5.02 5.02 5.02 5.02 5.02 5.02 5.02 5.02 5.02 5.02 5.02 5.02 5.02 5.02 5.02 5.02 5.02 5.02 5.02 5.02 5.02 5.02 5.02 5.02 5.02 5.02 5.02 5.02 5.02 5.02 5.02 5.02 5.02 5.02 5.02 5.02 5.02 5.02 5.02 5.02 5.02 5.02 5.02 5.02 5.02 5.02 5.02 5.02 5.02 5.02 5.02 5.02 5.02 5.02 5.02 5.02 5.02 5.02 5.02 5.02 5.02 5.02 5.02 5.02 5.02 5.02 5.02 5.02 5.02 5.02 5.02 5.02 5.02 5.02 5.02 5.02 5.02 5.02 5.02 5.02 5.02 5.02 5.02 5.02 5.02 5.02 5.02 5.02 5.02 5.02 5.02 5.02 5.02 5.02 5.02 5.02 5.02 5.02 5.02 5.02 5.02 5.02 5.02 5.02 5.02 5.02 5.02 5.02 5.02 5.02 5.02 5.02 5.02 5.02 5.02 5.02 5.02 5.02 5.02 5.02 5.02 5.02 5.02 5.02 5.02 5.02 5.02 5.02 5.02 5.02 5.02 5.02 5.02 5.02 5.02 5.02 5.02 5.02 5.02 5.02 5.02 5.02 5.02 5.02 5.02 5.02 5.02 5.02 5.02 5.02 5.02 5.02 5.02 5.02 5.02 5.02 5.02 5.02 5.02 5.02 5.02 5.02 5.02 5.02 5.02 5.02 5.02 5.02 5.02 5.02 5.02 5.02 5.02 5.02 5.02 5.02 5.02 5.02 5.02 5.02 5.02 5.02 5.02 5.02 5.02 5.02 5.02 5.02 5.02 5.02 5.02 5.02 5.02 5.02 5.02 5.02 5.02 5.02 5.02 5.02 5.02 5.02 5.02 5.02 5.02 5.02 5.02 5.02 5.02 5.02 5.02 5.02 5.02 5.02 5.02 5.02 5.02 5.02 5.02 5.02 5.02 5.02 5.02 5.02 5.02 5.02 5.02 5.02 5.02 5.02 5.02 5.02 5.02 5.02 5.02 5.02 5.02 5.02 5.02 5.02 5.02 5.02 5.02 5.02 5.02 5.02 5.02 5.02 5.02 5.02 5.02 5.02 5.02 5.02 5.02 5.02 5.02 5.02 5.02 5.02 5.02 5.02 5.02 5.02 5.02 5.02 5.02 5.02 5.02 5.02 5.02 5.02 5.02 5.02 5.02 5.02 5.02 5.02 5.02 5.02 5.02 5.02 5.02 5.02 5.02 5.02 5.02 5.02 5.02 5.02 5.02 5.02 5.02 5.02 5.02 5.02 5.02 5.02 5.02 5.02 5.02 5.02 5.02 5.02 5.02 5.02 5.02 5.02 5.02 5.02 5.02 5.02 5.02 5.02 5.02 5.02 5.02 5.02 5.02 5.02 5.02 5.02 5.02 5.02 5.02 5.02 5.02 5.02 5.02 5.02 5.02 5.02 5.02 5.02 5.02 5.02 5.02 5.02 5.02 5.02 5.02 5.02 5.02 5.02 5.02 5.02 5.02 5.02 5.02
name               DischargeRegion_1_Port_0
index              5
type               Discharge
regionIndex        3
x_coordinate       16074
y_coordinate       12407
fixedPortFee       35
numBerths          1
maxAmountPerPeriod 300
minAmountPerPeriod 95
capacity           351
initialInventory   234
consumption        39 39 39 39 39 39 39 39 39 39 39 39 39 39 39 39 39 39 39 39 39 39 39 39 39 39 39 39 39 39 39 39 39 39 39 39 39 39 39 39 39 39 39 39 39 39 39 39 39 39 39 39 39 39 39 39 39 39 39 39 39 39 39 39 39 39 39 39 39 39 39 39 39 39 39 39 39 39 39 39 39 39 39 39 39 39 39 39 39 39 39 39 39 39 39 39 39 39 39 39 39 39 39 39 39 39 39 39 39 39 39 39 39 39 39 39 39 39 39 39 39 39 39 39 39 39 39 39 39 39 39 39 39 39 39 39 39 39 39 39 39 39 39 39 39 39 39 39 39 39 39 39 39 39 39 39 39 39 39 39 39 39 39 39 39 39 39 39 39 39 39 39 39 39 39 39 39 39 39 39 39 39 39 39 39 39 39 39 39 39 39 39 39 39 39 39 39 39 39 39 39 39 39 39 39 39 39 39 39 39 39 39 39 39 39 39 39 39 39 39 39 39 39 39 39 39 39 39 39 39 39 39 39 39 39 39 39 39 39 39 39 39 39 39 39 39 39 39 39 39 39 39 39 39 39 39 39 39 39 39 39 39 39 39 39 39 39 39 39 39 39 39 39 39 39 39 39 39 39 39 39 39 39 39 39 39 39 39 39 39 39 39 39 39 39 39 39 39 39 39 39 39 39 39 39 39 39 39 39 39 39 39 39 39 39 39 39 39 39 39 39 39 39 39 39 39 39 39 39 39 39 39 39 39 39 39 39 39 39 39 39 39 39 39 39 39 39 39 39 39 39 39 39 39 39 39 39 39 39 39
revenue            4.74 4.74 4.74 4.74 4.74 4.74 4.74 4.74 4.74 4.74 4.74 4.74 4.74 4.74 4.74 4.74 4.74 4.74 4.74 4.74 4.74 4.74 4.74 4.74 4.74 4.74 4.74 4.74 4.74 4.74 4.74 4.74 4.74 4.74 4.74 4.74 4.74 4.74 4.74 4.74 4.74 4.74 4.74 4.74 4.74 4.74 4.74 4.74 4.74 4.74 4.74 4.74 4.74 4.74 4.74 4.74 4.74 4.74 4.74 4.74 4.74 4.74 4.74 4.74 4.74 4.74 4.74 4.74 4.74 4.74 4.74 4.74 4.74 4.74 4.74 4.74 4.74 4.74 4.74 4.74 4.74 4.74 4.74 4.74 4.74 4.74 4.74 4.74 4.74 4.74 4.74 4.74 4.74 4.74 4.74 4.74 4.74 4.74 4.74 4.74 4.74 4.74 4.74 4.74 4.74 4.74 4.74 4.74 4.74 4.74 4.74 4.74 4.74 4.74 4.74 4.74 4.74 4.74 4.74 4.74 4.74 4.74 4.74 4.74 4.74 4.74 4.74 4.74 4.74 4.74 4.74 4.74 4.74 4.74 4.74 4.74 4.74 4.74 4.74 4.74 4.74 4.74 4.74 4.74 4.74 4.74 4.74 4.74 4.74 4.74 4.74 4.74 4.74 4.74 4.74 4.74 4.74 4.74 4.74 4.74 4.74 4.74 4.74 4.74 4.74 4.74 4.74 4.74 4.74 4.74 4.74 4.74 4.74 4.74 4.74 4.74 4.74 4.74 4.74 4.74 4.74 4.74 4.74 4.74 4.74 4.74 4.74 4.74 4.74 4.74 4.74 4.74 4.74 4.74 4.74 4.74 4.74 4.74 4.74 4.74 4.74 4.74 4.74 4.74 4.74 4.74 4.74 4.74 4.74 4.74 4.74 4.74 4.74 4.74 4.74 4.74 4.74 4.74 4.74 4.74 4.74 4.74 4.74 4.74 4.74 4.74 4.74 4.74 4.74 4.74 4.74 4.74 4.74 4.74 4.74 4.74 4.74 4.74 4.74 4.74 4.74 4.74 4.74 4.74 4.74 4.74 4.74 4.74 4.74 4.74 4.74 4.74 4.74 4.74 4.74 4.74 4.74 4.74 4.74 4.74 4.74 4.74 4.74 4.74 4.74 4.74 4.74 4.74 4.74 4.74 4.74 4.74 4.74 4.74 4.74 4.74 4.74 4.74 4.74 4.74 4.74 4.74 4.74 4.74 4.74 4.74 4.74 4.74 4.74 4.74 4.74 4.74 4.74 4.74 4.74 4.74 4.74 4.74 4.74 4.74 4.74 4.74 4.74 4.74 4.74 4.74 4.74 4.74 4.74 4.74 4.74 4.74 4.74 4.74 4.74 4.74 4.74 4.74 4.74 4.74 4.74 4.74 4.74 4.74 4.74 4.74 4.74 4.74 4.74 4.74 4.74 4.74 4.74 4.74 4.74 4.74 4.74 4.74 4.74 4.74 4.74 4.74 4.74 4.74 4.74 4.74 4.74 4.74 4.74 4.74 4.74 4.74 4.74 4.74 4.74 4.74 4.74 4.74 4.74 4.74
name               DischargeRegion_1_Port_1
index              6
type               Discharge
regionIndex        3
x_coordinate       15876
y_coordinate       12360
fixedPortFee       10
numBerths          1
maxAmountPerPeriod 180
minAmountPerPeriod 80
capacity           330
initialInventory   165
consumption        33 33 33 33 33 33 33 33 33 33 33 33 33 33 33 33 33 33 33 33 33 33 33 33 33 33 33 33 33 33 33 33 33 33 33 33 33 33 33 33 33 33 33 33 33 33 33 33 33 33 33 33 33 33 33 33 33 33 33 33 33 33 33 33 33 33 33 33 33 33 33 33 33 33 33 33 33 33 33 33 33 33 33 33 33 33 33 33 33 33 33 33 33 33 33 33 33 33 33 33 33 33 33 33 33 33 33 33 33 33 33 33 33 33 33 33 33 33 33 33 33 33 33 33 33 33 33 33 33 33 33 33 33 33 33 33 33 33 33 33 33 33 33 33 33 33 33 33 33 33 33 33 33 33 33 33 33 33 33 33 33 33 33 33 33 33 33 33 33 33 33 33 33 33 33 33 33 33 33 33 33 33 33 33 33 33 33 33 33 33 33 33 33 33 33 33 33 33 33 33 33 33 33 33 33 33 33 33 33 33 33 33 33 33 33 33 33 33 33 33 33 33 33 33 33 33 33 33 33 33 33 33 33 33 33 33 33 33 33 33 33 33 33 33 33 33 33 33 33 33 33 33 33 33 33 33 33 33 33 33 33 33 33 33 33 33 33 33 33 33 33 33 33 33 33 33 33 33 33 33 33 33 33 33 33 33 33 33 33 33 33 33 33 33 33 33 33 33 33 33 33 33 33 33 33 33 33 33 33 33 33 33 33 33 33 33 33 33 33 33 33 33 33 33 33 33 33 33 33 33 33 33 33 33 33 33 33 33 33 33 33 33 33 33 33 33 33 33 33 33 33 33 33 33 33 33 33 33 33 33
revenue            4.74 4.74 4.74 4.74 4.74 4.74 4.74 4.74 4.74 4.74 4.74 4.74 4.74 4.74 4.74 4.74 4.74 4.74 4.74 4.74 4.74 4.74 4.74 4.74 4.74 4.74 4.74 4.74 4.74 4.74 4.74 4.74 4.74 4.74 4.74 4.74 4.74 4.74 4.74 4.74 4.74 4.74 4.74 4.74 4.74 4.74 4.74 4.74 4.74 4.74 4.74 4.74 4.74 4.74 4.74 4.74 4.74 4.74 4.74 4.74 4.74 4.74 4.74 4.74 4.74 4.74 4.74 4.74 4.74 4.74 4.74 4.74 4.74 4.74 4.74 4.74 4.74 4.74 4.74 4.74 4.74 4.74 4.74 4.74 4.74 4.74 4.74 4.74 4.74 4.74 4.74 4.74 4.74 4.74 4.74 4.74 4.74 4.74 4.74 4.74 4.74 4.74 4.74 4.74 4.74 4.74 4.74 4.74 4.74 4.74 4.74 4.74 4.74 4.74 4.74 4.74 4.74 4.74 4.74 4.74 4.74 4.74 4.74 4.74 4.74 4.74 4.74 4.74 4.74 4.74 4.74 4.74 4.74 4.74 4.74 4.74 4.74 4.74 4.74 4.74 4.74 4.74 4.74 4.74 4.74 4.74 4.74 4.74 4.74 4.74 4.74 4.74 4.74 4.74 4.74 4.74 4.74 4.74 4.74 4.74 4.74 4.74 4.74 4.74 4.74 4.74 4.74 4.74 4.74 4.74 4.74 4.74 4.74 4.74 4.74 4.74 4.74 4.74 4.74 4.74 4.74 4.74 4.74 4.74 4.74 4.74 4.74 4.74 4.74 4.74 4.74 4.74 4.74 4.74 4.74 4.74 4.74 4.74 4.74 4.74 4.74 4.74 4.74 4.74 4.74 4.74 4.74 4.74 4.74 4.74 4.74 4.74 4.74 4.74 4.74 4.74 4.74 4.74 4.74 4.74 4.74 4.74 4.74 4.74 4.74 4.74 4.74 4.74 4.74 4.74 4.74 4.74 4.74 4.74 4.74 4.74 4.74 4.74 4.74 4.74 4.74 4.74 4.74 4.74 4.74 4.74 4.74 4.74 4.74 4.74 4.74 4.74 4.74 4.74 4.74 4.74 4.74 4.74 4.74 4.74 4.74 4.74 4.74 4.74 4.74 4.74 4.74 4.74 4.74 4.74 4.74 4.74 4.74 4.74 4.74 4.74 4.74 4.74 4.74 4.74 4.74 4.74 4.74 4.74 4.74 4.74 4.74 4.74 4.74 4.74 4.74 4.74 4.74 4.74 4.74 4.74 4.74 4.74 4.74 4.74 4.74 4.74 4.74 4.74 4.74 4.74 4.74 4.74 4.74 4.74 4.74 4.74 4.74 4.74 4.74 4.74 4.74 4.74 4.74 4.74 4.74 4.74 4.74 4.74 4.74 4.74 4.74 4.74 4.74 4.74 4.74 4.74 4.74 4.74 4.74 4.74 4.74 4.74 4.74 4.74 4.74 4.74 4.74 4.74 4.74 4.74 4.74 4.74 4.74 4.74 4.74 4.74 4.74 4.74 4.74 4.74 4.74 4.74 4.74 4.74
name               DischargeRegion_1_Port_2
index              7
type               Discharge
regionIndex        3
x_coordinate       16008
y_coordinate       12242
fixedPortFee       35
numBerths          1
maxAmountPerPeriod 180
minAmountPerPeriod 90
capacity           216
initialInventory   126
consumption        18 18 18 18 18 18 18 18 18 18 18 18 18 18 18 18 18 18 18 18 18 18 18 18 18 18 18 18 18 18 18 18 18 18 18 18 18 18 18 18 18 18 18 18 18 18 18 18 18 18 18 18 18 18 18 18 18 18 18 18 18 18 18 18 18 18 18 18 18 18 18 18 18 18 18 18 18 18 18 18 18 18 18 18 18 18 18 18 18 18 18 18 18 18 18 18 18 18 18 18 18 18 18 18 18 18 18 18 18 18 18 18 18 18 18 18 18 18 18 18 18 18 18 18 18 18 18 18 18 18 18 18 18 18 18 18 18 18 18 18 18 18 18 18 18 18 18 18 18 18 18 18 18 18 18 18 18 18 18 18 18 18 18 18 18 18 18 18 18 18 18 18 18 18 18 18 18 18 18 18 18 18 18 18 18 18 18 18 18 18 18 18 18 18 18 18 18 18 18 18 18 18 18 18 18 18 18 18 18 18 18 18 18 18 18 18 18 18 18 18 18 18 18 18 18 18 18 18 18 18 18 18 18 18 18 18 18 18 18 18 18 18 18 18 18 18 18 18 18 18 18 18 18 18 18 18 18 18 18 18 18 18 18 18 18 18 18 18 18 18 18 18 18 18 18 18 18 18 18 18 18 18 18 18 18 18 18 18 18 18 18 18 18 18 18 18 18 18 18 18 18 18 18 18 18 18 18 18 18 18 18 18 18 18 18 18 18 18 18 18 18 18 18 18 18 18 18 18 18 18 18 18 18 18 18 18 18 18 18 18 18 18 18 18 18 18 18 18 18 18 18 18 18 18 18 18 18 18 18 18
revenue            4.74 4.74 4.74 4.74 4.74 4.74 4.74 4.74 4.74 4.74 4.74 4.74 4.74 4.74 4.74 4.74 4.74 4.74 4.74 4.74 4.74 4.74 4.74 4.74 4.74 4.74 4.74 4.74 4.74 4.74 4.74 4.74 4.74 4.74 4.74 4.74 4.74 4.74 4.74 4.74 4.74 4.74 4.74 4.74 4.74 4.74 4.74 4.74 4.74 4.74 4.74 4.74 4.74 4.74 4.74 4.74 4.74 4.74 4.74 4.74 4.74 4.74 4.74 4.74 4.74 4.74 4.74 4.74 4.74 4.74 4.74 4.74 4.74 4.74 4.74 4.74 4.74 4.74 4.74 4.74 4.74 4.74 4.74 4.74 4.74 4.74 4.74 4.74 4.74 4.74 4.74 4.74 4.74 4.74 4.74 4.74 4.74 4.74 4.74 4.74 4.74 4.74 4.74 4.74 4.74 4.74 4.74 4.74 4.74 4.74 4.74 4.74 4.74 4.74 4.74 4.74 4.74 4.74 4.74 4.74 4.74 4.74 4.74 4.74 4.74 4.74 4.74 4.74 4.74 4.74 4.74 4.74 4.74 4.74 4.74 4.74 4.74 4.74 4.74 4.74 4.74 4.74 4.74 4.74 4.74 4.74 4.74 4.74 4.74 4.74 4.74 4.74 4.74 4.74 4.74 4.74 4.74 4.74 4.74 4.74 4.74 4.74 4.74 4.74 4.74 4.74 4.74 4.74 4.74 4.74 4.74 4.74 4.74 4.74 4.74 4.74 4.74 4.74 4.74 4.74 4.74 4.74 4.74 4.74 4.74 4.74 4.74 4.74 4.74 4.74 4.74 4.74 4.74 4.74 4.74 4.74 4.74 4.74 4.74 4.74 4.74 4.74 4.74 4.74 4.74 4.74 4.74 4.74 4.74 4.74 4.74 4.74 4.74 4.74 4.74 4.74 4.74 4.74 4.74 4.74 4.74 4.74 4.74 4.74 4.74 4.74 4.74 4.74 4.74 4.74 4.74 4.74 4.74 4.74 4.74 4.74 4.74 4.74 4.74 4.74 4.74 4.74 4.74 4.74 4.74 4.74 4.74 4.74 4.74 4.74 4.74 4.74 4.74 4.74 4.74 4.74 4.74 4.74 4.74 4.74 4.74 4.74 4.74 4.74 4.74 4.74 4.74 4.74 4.74 4.74 4.74 4.74 4.74 4.74 4.74 4.74 4.74 4.74 4.74 4.74 4.74 4.74 4.74 4.74 4.74 4.74 4.74 4.74 4.74 4.74 4.74 4.74 4.74 4.74 4.74 4.74 4.74 4.74 4.74 4.74 4.74 4.74 4.74 4.74 4.74 4.74 4.74 4.74 4.74 4.74 4.74 4.74 4.74 4.74 4.74 4.74 4.74 4.74 4.74 4.74 4.74 4.74 4.74 4.74 4.74 4.74 4.74 4.74 4.74 4.74 4.74 4.74 4.74 4.74 4.74 4.74 4.74 4.74 4.74 4.74 4.74 4.74 4.74 4.74 4.74 4.74 4.74 4.74 4.74 4.74 4.74 4.74 4.74 4.74 4.74 4.74 4.74 4.74 4.74 4.74
