name               DischargeRegion_0_Port_0
index              4
type               Discharge
regionIndex        2
x_coordinate       10294
y_coordinate       17191
fixedPortFee       22
numBerths          1
maxAmountPerPeriod 220
minAmountPerPeriod 90
capacity           270
initialInventory   103
consumption        33 33 33 33 30 28 28 28 28 28 30 30 30 30 33 33 33 33 33 33 33 33 33 33 33 33 33 33 33 33 33 33 33 33 33 33 33 33 33 33 33 33 33 33 33 33 33 33 33 33 33 33 33 33 33 33 33 33 33 33 33 33 33 33 33 33 33 33 33 33 33 33 33 33 33 33 33 33 33 33 33 33 33 33 33 33 33 33 33 33 33 33 33 33 33 33 33 33 33 33 33 33 33 33 33 33 33 33 33 33 33 33 33 33 33 33 33 33 33 33 33 33 33 33 33 33 33 33 33 33 33 33 33 33 33 33 33 33 33 33 33 33 33 33 33 33 33 33 33 33 33 33 33 33 33 33 33 33 33 33 33 33 33 33 33 33 33 33 33 33 33 33 33 33 33 33 33 33 33 33 33 33 33 33 33 33 33 33 33 33 33 33 33 33 33 33 33 33 33 33 33 33 33 33 33 33 33 33 33 33 33 33 33 33 33 33 33 33 33 33 33 33 33 33 33 33 33 33 33 33 33 33 33 33 33 33 33 33 33 33 33 33 33 33 33 33 33 33 33 33 33 33 33 33 33 33 33 33 33 33 33 33 33 33 33 33 33 33 33 33 33 33 33 33 33 33 33 33 33 33 33 33 33 33 33 33 33 33 33 33 33 33 33 33 33 33 33 33 33 33 33 33 33 33 33 33 33 33 33 33 33 33 33 33 33 33 33 33 33 33 33 33 33 33 33 33 33 33 33 33 33 33 33 33 33 33 33 33 33 33 33 33 33 33 33 33 33 33 33 33 33 33 33 33 33 33 33 33 33 33
revenue            4.97 4.97 4.97 4.97 4.97 4.97 4.97 4.97 4.97 4.97 4.97 4.97 4.97 4.97 4.97 4.97 4.97 4.97 4.97 4.97 4.97 4.97 4.97 4.97 4.97 4.97 4.97 4.97 4.97 4.97 4.97 4.97 4.97 4.97 4.97 4.97 4.97 4.97 4.97 4.97 4.97 4.97 4.97 4.97 4.97 4.97 4.97 4.97 4.97 4.97 4.97 4.97 4.97 4.97 4.97 4.97 4.97 4.97 4.97 4.97 4.97 4.97 4.97 4.97 4.97 4.97 4.97 4.97 4.97 4.97 4.97 4.97 4.97 4.97 4.97 4.97 4.97 4.97 4.97 4.97 4.97 4.97 4.97 4.97 4.97 4.97 4.97 4.97 4.97 4.97 4.97 4.97 4.97 4.97 4.97 4.97 4.97 4.97 4.97 4.97 4.97 4.97 4.97 4.97 4.97 4.97 4.97 4.97 4.97 4.97 4.97 4.97 4.97 4.97 4.97 4.97 4.97 4.97 4.97 4.97 4.97 4.97 4.97 4.97 4.97 4.97 4.97 4.97 4.97 4.97 4.97 4.97 4.97 4.97 4.97 4.97 4.97 4.97 4.97 4.97 4.97 4.97 4.97 4.97 4.97 4.97 4.97 4.97 4.97 4.97 4.97 4.97 4.97 4.97 4.97 4.97 4.97 4.97 4.97 4.97 4.97 4.97 4.97 4.97 4.97 4.97 4.97 4.97 4.97 4.97 4.97 4.97 4.97 4.97 4.97 4.97 4.97 4.97 4.97 4.97 4.97 4.97 4.97 4.97 4.97 4.97 4.97 4.97 4.97 4.97 4.97 4.97 4.97 4.97 4.97 4.97 4.97 4.97 4.97 4.97 4.97 4.97 4.97 4.97 4.97 4.97 4.97 4.97 4.97 4.97 4.97 4.97 4.97 4.97 4.97 4.97 4.97 4.97 4.97 4.97 4.97 4.97 4.97 4.97 4.97 4.97 4.97 4.97 4.97 4.97 4.97 4.97 4.97 4.97 4.97 4.97 4.97 4.97 4.97 4.97 4.97 4.97 4.97 4.97 4.97 4.97 4.97 4.97 4.97 4.97 4.97 4.97 4.97 4.97 4.97 4.97 4.97 4.97 4.97 4.97 4.97 4.97 4.97 4.97 4.97 4.97 4.97 4.97 4.97 4.97 4.97 4.97 4.97 4.97 4.97 4.97 4.97 4.97 4.97 4.97 4.97 4.97 4.97 4.97 4.97 4.97 4.97 4.97 4.97 4.97 4.97 4.97 4.97 4.97 4.97 4.97 4.97 4.97 4.97 4.97 4.97 4.97 4.97 4.97 4.97 4.97 4.97 4.97 4.97 4.97 4.97 4.97 4.97 4.97 4.97 4.97 4.97 4.97 4.97 4.97 4.97 4.97 4.97 4.97 4.97 4.97 4.97 4.97 4.97 4.97 4.97 4.97 4.97 4.97 4.97 4.97 4.97 4.97 4.97 4.97 4.97 4.97 4.97 4.97 4.97 4.97 4.97 4.97 4.97 4.97 4.97 4.97 4.97 4.97 4.97 4.97 4.97 4.97 4.97 4.97
name               DischargeRegion_0_Port_1
index              5
type               Discharge
regionIndex        2
x_coordinate       9651
y_coordinate       16739
fixedPortFee       43
numBerths          1
maxAmountPerPeriod 205
minAmountPerPeriod 80
capacity           210
initialInventory   105
consumption        30 30 30 30 30 30 30 30 30 30 30 30 30 30 30 30 30 30 30 30 30 30 30 30 30 30 30 30 30 30 30 30 30 30 30 30 30 30 30 30 30 30 30 30 30 30 30 30 30 30 30 30 30 30 30 30 30 30 30 30 30 30 30 30 30 30 30 30 30 30 30 30 30 30 30 30 30 30 30 30 30 30 30 30 30 30 30 30 30 30 30 30 30 30 30 30 30 30 30 30 30 30 30 30 30 30 30 30 30 30 30 30 30 30 30 30 30 30 30 30 30 30 30 30 30 30 30 30 30 30 30 30 30 30 30 30 30 30 30 30 30 30 30 30 30 30 30 30 30 30 30 30 30 30 30 30 30 30 30 30 30 30 30 30 30 30 30 30 30 30 30 30 30 30 30 30 30 30 30 30 30 30 30 30 30 30 30 30 30 30 30 30 30 30 30 30 30 30 30 30 30 30 30 30 30 30 30 30 30 30 30 30 30 30 30 30 30 30 30 30 30 30 30 30 30 30 30 30 30 30 30 30 30 30 30 30 30 30 30 30 30 30 30 30 30 30 30 30 30 30 30 30 30 30 30 30 30 30 30 30 30 30 30 30 30 30 30 30 30 30 30 30 30 30 30 30 30 30 30 30 30 30 30 30 30 30 30 30 30 30 30 30 30 30 30 30 30 30 30 30 30 30 30 30 30 30 30 30 30 30 30 30 30 30 30 30 30 30 30 30 30 30 30 30 30 30 30 30 30 30 30 30 30 30 30 30 30 30 30 30 30 30 30 30 30 30 30 30 30 30 30 30 30 30 30 30 30 30 30 30
revenue            4.97 4.97 4.97 4.97 4.97 4.97 4.97 4.97 4.97 4.97 4.97 4.97 4.97 4.97 4.97 4.97 4.97 4.97 4.97 4.97 4.97 4.97 4.97 4.97 4.97 4.97 4.97 4.97 4.97 4.97 4.97 4.97 4.97 4.97 4.97 4.97 4.97 4.97 4.97 4.97 4.97 4.97 4.97 4.97 4.97 4.97 4.97 4.97 4.97 4.97 4.97 4.97 4.97 4.97 4.97 4.97 4.97 4.97 4.97 4.97 4.97 4.97 4.97 4.97 4.97 4.97 4.97 4.97 4.97 4.97 4.97 4.97 4.97 4.97 4.97 4.97 4.97 4.97 4.97 4.97 4.97 4.97 4.97 4.97 4.97 4.97 4.97 4.97 4.97 4.97 4.97 4.97 4.97 4.97 4.97 4.97 4.97 4.97 4.97 4.97 4.97 4.97 4.97 4.97 4.97 4.97 4.97 4.97 4.97 4.97 4.97 4.97 4.97 4.97 4.97 4.97 4.97 4.97 4.97 4.97 4.97 4.97 4.97 4.97 4.97 4.97 4.97 4.97 4.97 4.97 4.97 4.97 4.97 4.97 4.97 4.97 4.97 4.97 4.97 4.97 4.97 4.97 4.97 4.97 4.97 4.97 4.97 4.97 4.97 4.97 4.97 4.97 4.97 4.97 4.97 4.97 4.97 4.97 4.97 4.97 4.97 4.97 4.97 4.97 4.97 4.97 4.97 4.97 4.97 4.97 4.97 4.97 4.97 4.97 4.97 4.97 4.97 4.97 4.97 4.97 4.97 4.97 4.97 4.97 4.97 4.97 4.97 4.97 4.97 4.97 4.97 4.97 4.97 4.97 4.97 4.97 4.97 4.97 4.97 4.97 4.97 4.97 4.97 4.97 4.97 4.97 4.97 4.97 4.97 4.97 4.97 4.97 4.97 4.97 4.97 4.97 4.97 4.97 4.97 4.97 4.97 4.97 4.97 4.97 4.97 4.97 4.97 4.97 4.97 4.97 4.97 4.97 4.97 4.97 4.97 4.97 4.97 4.97 4.97 4.97 4.97 4.97 4.97 4.97 4.97 4.97 4.97 4.97 4.97 4.97 4.97 4.97 4.97 4.97 4.97 4.97 4.97 4.97 4.97 4.97 4.97 4.97 4.97 4.97 4.97 4.97 4.97 4.97 4.97 4.97 4.97 4.97 4.97 4.97 4.97 4.97 4.97 4.97 4.97 4.97 4.97 4.97 4.97 4.97 4.97 4.97 4.97 4.97 4.97 4.97 4.97 4.97 4.97 4.97 4.97 4.97 4.97 4.97 4.97 4.97 4.97 4.97 4.97 4.97 4.97 4.97 4.97 4.97 4.97 4.97 4.97 4.97 4.97 4.97 4.97 4.97 4.97 4.97 4.97 4.97 4.97 4.97 4.97 4.97 4.97 4.97 4.97 4.97 4.97 4.97 4.97 4.97 4.97 4.97 4.97 4.97 4.97 4.97 4.97 4.97 4.97 4.97 4.97 4.97 4.97 4.97 4.97 4.97 4.97 4.97 4.97 4.97 4.97 4.97 4.97 4.97 4.97 4.97 4.97 4.97
name               DischargeRegion_0_Port_2
index              6
type               Discharge
regionIndex        2
x_coordinate       10023
y_coordinate       16388
fixedPortFee       31
numBerths          1
maxAmountPerPeriod 180
minAmountPerPeriod 60
capacity           150
initialInventory   45
consumption        15 15 15 15 15 15 15 15 15 15 15 15 15 15 15 15 15 15 15 15 15 15 15 15 15 15 15 15 15 15 15 15 15 15 15 15 15 15 15 15 15 15 15 15 15 15 15 15 15 15 15 15 15 15 15 15 15 15 15 15 15 15 15 15 15 15 15 15 15 15 15 15 15 15 15 15 15 15 15 15 15 15 15 15 15 15 15 15 15 15 15 15 15 15 15 15 15 15 15 15 15 15 15 15 15 15 15 15 15 15 15 15 15 15 15 15 15 15 15 15 15 15 15 15 15 15 15 15 15 15 15 15 15 15 15 15 15 15 15 15 15 15 15 15 15 15 15 15 15 15 15 15 15 15 15 15 15 15 15 15 15 15 15 15 15 15 15 15 15 15 15 15 15 15 15 15 15 15 15 15 15 15 15 15 15 15 15 15 15 15 15 15 15 15 15 15 15 15 15 15 15 15 15 15 15 15 15 15 15 15 15 15 15 15 15 15 15 15 15 15 15 15 15 15 15 15 15 15 15 15 15 15 15 15 15 15 15 15 15 15 15 15 15 15 15 15 15 15 15 15 15 15 15 15 15 15 15 15 15 15 15 15 15 15 15 15 15 15 15 15 15 15 15 15 15 15 15 15 15 15 15 15 15 15 15 15 15 15 15 15 15 15 15 15 15 15 15 15 15 15 15 15 15 15 15 15 15 15 15 15 15 15 15 15 15 15 15 15 15 15 15 15 15 15 15 15 15 15 15 15 15 15 15 15 15 15 15 15 15 15 15 15 15 15 15 15 15 15 15 15 15 15 15 15 15 15 15 15 15 15
revenue            4.97 4.97 4.97 4.97 4.97 4.97 4.97 4.97 4.97 4.97 4.97 4.97 4.97 4.97 4.97 4.97 4.97 4.97 4.97 4.97 4.97 4.97 4.97 4.97 4.97 4.97 4.97 4.97 4.97 4.97 4.97 4.97 4.97 4.97 4.97 4.97 4.97 4.97 4.97 4.97 4.97 4.97 4.97 4.97 4.97 4.97 4.97 4.97 4.97 4.97 4.97 4.97 4.97 4.97 4.97 4.97 4.97 4.97 4.97 4.97 4.97 4.97 4.97 4.97 4.97 4.97 4.97 4.97 4.97 4.97 4.97 4.97 4.97 4.97 4.97 4.97 4.97 4.97 4.97 4.97 4.97 4.97 4.97 4.97 4.97 4.97 4.97 4.97 4.97 4.97 4.97 4.97 4.97 4.97 4.97 4.97 4.97 4.97 4.97 4.97 4.97 4.97 4.97 4.97 4.97 4.97 4.97 4.97 4.97 4.97 4.97 4.97 4.97 4.97 4.97 4.97 4.97 4.97 4.97 4.97 4.97 4.97 4.97 4.97 4.97 4.97 4.97 4.97 4.97 4.97 4.97 4.97 4.97 4.97 4.97 4.97 4.97 4.97 4.97 4.97 4.97 4.97 4.97 4.97 4.97 4.97 4.97 4.97 4.97 4.97 4.97 4.97 4.97 4.97 4.97 4.97 4.97 4.97 4.97 4.97 4.97 4.97 4.97 4.97 4.97 4.97 4.97 4.97 4.97 4.97 4.97 4.97 4.97 4.97 4.97 4.97 4.97 4.97 4.97 4.97 4.97 4.97 4.97 4.97 4.97 4.97 4.97 4.97 4.97 4.97 4.97 4.97 4.97 4.97 4.97 4.97 4.97 4.97 4.97 4.97 4.97 4.97 4.97 4.97 4.97 4.97 4.97 4.97 4.97 4.97 4.97 4.97 4.97 4.97 4.97 4.97 4.97 4.97 4.97 4.97 4.97 4.97 4.97 4.97 4.97 4.97 4.97 4.97 4.97 4.97 4.97 4.97 4.97 4.97 4.97 4.97 4.97 4.97 4.97 4.97 4.97 4.97 4.97 4.97 4.97 4.97 4.97 4.97 4.97 4.97 4.97 4.97 4.97 4.97 4.97 4.97 4.97 4.97 4.97 4.97 4.97 4.97 4.97 4.97 4.97 4.97 4.97 4.97 4.97 4.97 4.97 4.97 4.97 4.97 4.97 4.97 4.97 4.97 4.97 4.97 4.97 4.97 4.97 4.97 4.97 4.97 4.97 4.97 4.97 4.97 4.97 4.97 4.97 4.97 4.97 4.97 4.97 4.97 4.97 4.97 4.97 4.97 4.97 4.97 4.97 4.97 4.97 4.97 4.97 4.97 4.97 4.97 4.97 4.97 4.97 4.97 4.97 4.97 4.97 4.97 4.97 4.97 4.97 4.97 4.97 4.97 4.97 4.97 4.97 4.97 4.97 4.97 4.97 4.97 4.97 4.97 4.97 4.97 4.97 4.97 4.97 4.97 4.97 4.97 4.97 4.97 4.97 4.97 4.97 4.97 4.97 4.97 4.97 4.97 4.97 4.97 4.97 4.97 4.97 4.97
name               DischargeRegion_1_Port_0
index              7
type               Discharge
regionIndex        3
x_coordinate       11050
y_coordinate       5116
fixedPortFee       83
numBerths          1
maxAmountPerPeriod 180
minAmountPerPeriod 80
capacity           360
initialInventory   180
consumption        30 30 30 30 30 30 30 30 30 30 30 30 30 30 30 30 30 30 30 30 30 30 30 30 30 30 30 30 30 30 30 30 30 30 30 30 30 30 35 35 35 35 35 35 35 35 35 35 35 35 35 35 35 35 35 35 35 35 35 35 30 30 30 30 30 30 30 30 30 30 30 30 30 30 30 30 30 30 30 30 30 30 30 30 30 30 30 30 30 30 30 30 30 30 30 30 30 30 30 30 30 30 30 30 30 30 30 30 30 30 30 30 30 30 30 30 30 30 30 30 30 30 30 30 30 30 30 30 30 30 30 30 30 30 30 30 30 30 30 30 30 30 30 30 30 30 30 30 30 30 30 30 30 30 30 30 30 30 30 30 30 30 30 30 30 30 30 30 30 30 30 30 30 30 30 30 30 30 30 30 30 30 30 30 30 30 30 30 30 30 30 30 30 30 30 30 30 30 30 30 30 30 30 30 30 30 30 30 30 30 30 30 30 30 30 30 30 30 30 30 30 30 30 30 30 30 30 30 30 30 30 30 30 30 30 30 30 30 30 30 30 30 30 30 30 30 30 30 30 30 30 30 30 30 30 30 30 30 30 30 30 30 30 30 30 30 30 30 30 30 30 30 30 30 30 30 30 30 30 30 30 30 30 30 30 30 30 30 30 30 30 30 30 30 30 30 30 30 30 30 30 30 30 30 30 30 30 30 30 30 30 30 30 30 30 30 30 30 30 30 30 30 30 30 30 30 30 30 30 30 30 30 30 30 30 30 30 30 30 30 30 30 30 30 30 30 30 30 30 30 30 30 30 30 30 30 30 30 30 30
revenue            4.98 4.98 4.98 4.98 4.98 4.98 4.98 4.98 4.98 4.98 4.98 4.98 4.98 4.98 4.98 4.98 4.98 4.98 4.98 4.98 4.98 4.98 4.98 4.98 4.98 4.98 4.98 4.98 4.98 4.98 4.98 4.98 4.98 4.98 4.98 4.98 4.98 4.98 4.98 4.98 4.98 4.98 4.98 4.98 4.98 4.98 4.98 4.98 4.98 4.98 4.98 4.98 4.98 4.98 4.98 4.98 4.98 4.98 4.98 4.98 4.98 4.98 4.98 4.98 4.98 4.98 4.98 4.98 4.98 4.98 4.98 4.98 4.98 4.98 4.98 4.98 4.98 4.98 4.98 4.98 4.98 4.98 4.98 4.98 4.98 4.98 4.98 4.98 4.98 4.98 4.98 4.98 4.98 4.98 4.98 4.98 4.98 4.98 4.98 4.98 4.98 4.98 4.98 4.98 4.98 4.98 4.98 4.98 4.98 4.98 4.98 4.98 4.98 4.98 4.98 4.98 4.98 4.98 4.98 4.98 4.98 4.98 4.98 4.98 4.98 4.98 4.98 4.98 4.98 4.98 4.98 4.98 4.98 4.98 4.98 4.98 4.98 4.98 4.98 4.98 4.98 4.98 4.98 4.98 4.98 4.98 4.98 4.98 4.98 4.98 4.98 4.98 4.98 4.98 4.98 4.98 4.98 4.98 4.98 4.98 4.98 4.98 4.98 4.98 4.98 4.98 4.98 4.98 4.98 4.98 4.98 4.98 4.98 4.98 4.98 4.98 4.98 4.98 4.98 4.98 4.98 4.98 4.98 4.98 4.98 4.98 4.98 4.98 4.98 4.98 4.98 4.98 4.98 4.98 4.98 4.98 4.98 4.98 4.98 4.98 4.98 4.98 4.98 4.98 4.98 4.98 4.98 4.98 4.98 4.98 4.98 4.98 4.98 4.98 4.98 4.98 4.98 4.98 4.98 4.98 4.98 4.98 4.98 4.98 4.98 4.98 4.98 4.98 4.98 4.98 4.98 4.98 4.98 4.98 4.98 4.98 4.98 4.98 4.98 4.98 4.98 4.98 4.98 4.98 4.98 4.98 4.98 4.98 4.98 4.98 4.98 4.98 4.98 4.98 4.98 4.98 4.98 4.98 4.98 4.98 4.98 4.98 4.98 4.98 4.98 4.98 4.98 4.98 4.98 4.98 4.98 4.98 4.98 4.98 4.98 4.98 4.98 4.98 4.98 4.98 4.98 4.98 4.98 4.98 4.98 4.98 4.98 4.98 4.98 4.98 4.98 4.98 4.98 4.98 4.98 4.98 4.98 4.98 4.98 4.98 4.98 4.98 4.98 4.98 4.98 4.98 4.98 4.98 4.98 4.98 4.98 4.98 4.98 4.98 4.98 4.98 4.98 4.98 4.98 4.98 4.98 4.98 4.98 4.98 4.98 4.98 4.98 4.98 4.98 4.98 4.98 4.98 4.98 4.98 4.98 4.98 4.98 4.98 4.98 4.98 4.98 4.98 4.98 4.98 4.98 4.98 4.98 4.98 4.98 4.98 4.98 4.98 4.98 4.98 4.98 4.98 4.98 4.98 4.98 4.98
name               DischargeRegion_1_Port_1
index              8
type               Discharge
regionIndex        3
x_coordinate       11053
y_coordinate       4911
fixedPortFee       42
numBerths          1
maxAmountPerPeriod 270
minAmountPerPeriod 95
capacity           243
initialInventory   121
consumption        27 27 27 27 27 27 27 27 27 27 27 27 27 27 27 27 27 27 27 27 27 27 27 27 27 27 27 27 27 27 27 27 27 27 27 27 27 27 27 27 27 27 27 27 27 27 27 27 27 27 27 27 27 27 27 27 27 30 30 30 27 27 27 27 27 27 27 27 27 27 27 27 27 27 27 27 27 27 27 27 27 27 27 27 27 27 27 27 27 27 27 27 27 27 27 27 27 27 27 27 27 27 27 27 27 27 27 27 27 27 27 27 27 27 27 27 27 27 27 27 27 27 27 27 27 27 27 27 27 27 27 27 27 27 27 27 27 27 27 27 27 27 27 27 27 27 27 27 27 27 27 27 27 27 27 27 27 27 27 27 27 27 27 27 27 27 27 27 27 27 27 27 27 27 27 27 27 27 27 27 27 27 27 27 27 27 27 27 27 27 27 27 27 27 27 27 27 27 27 27 27 27 27 27 27 27 27 27 27 27 27 27 27 27 27 27 27 27 27 27 27 27 27 27 27 27 27 27 27 27 27 27 27 27 27 27 27 27 27 27 27 27 27 27 27 27 27 27 27 27 27 27 27 27 27 27 27 27 27 27 27 27 27 27 27 27 27 27 27 27 27 27 27 27 27 27 27 27 27 27 27 27 27 27 27 27 27 27 27 27 27 27 27 27 27 27 27 27 27 27 27 27 27 27 27 27 27 27 27 27 27 27 27 27 27 27 27 27 27 27 27 27 27 27 27 27 27 27 27 27 27 27 27 27 27 27 27 27 27 27 27 27 27 27 27 27 27 27 27 27 27 27 27 27 27 27 27 27 27 27
revenue            4.98 4.98 4.98 4.98 4.98 4.98 4.98 4.98 4.98 4.98 4.98 4.98 4.98 4.98 4.98 4.98 4.98 4.98 4.98 4.98 4.98 4.98 4.98 4.98 4.98 4.98 4.98 4.98 4.98 4.98 4.98 4.98 4.98 4.98 4.98 4.98 4.98 4.98 4.98 4.98 4.98 4.98 4.98 4.98 4.98 4.98 4.98 4.98 4.98 4.98 4.98 4.98 4.98 4.98 4.98 4.98 4.98 4.98 4.98 4.98 4.98 4.98 4.98 4.98 4.98 4.98 4.98 4.98 4.98 4.98 4.98 4.98 4.98 4.98 4.98 4.98 4.98 4.98 4.98 4.98 4.98 4.98 4.98 4.98 4.98 4.98 4.98 4.98 4.98 4.98 4.98 4.98 4.98 4.98 4.98 4.98 4.98 4.98 4.98 4.98 4.98 4.98 4.98 4.98 4.98 4.98 4.98 4.98 4.98 4.98 4.98 4.98 4.98 4.98 4.98 4.98 4.98 4.98 4.98 4.98 4.98 4.98 4.98 4.98 4.98 4.98 4.98 4.98 4.98 4.98 4.98 4.98 4.98 4.98 4.98 4.98 4.98 4.98 4.98 4.98 4.98 4.98 4.98 4.98 4.98 4.98 4.98 4.98 4.98 4.98 4.98 4.98 4.98 4.98 4.98 4.98 4.98 4.98 4.98 4.98 4.98 4.98 4.98 4.98 4.98 4.98 4.98 4.98 4.98 4.98 4.98 4.98 4.98 4.98 4.98 4.98 4.98 4.98 4.98 4.98 4.98 4.98 4.98 4.98 4.98 4.98 4.98 4.98 4.98 4.98 4.98 4.98 4.98 4.98 4.98 4.98 4.98 4.98 4.98 4.98 4.98 4.98 4.98 4.98 4.98 4.98 4.98 4.98 4.98 4.98 4.98 4.98 4.98 4.98 4.98 4.98 4.98 4.98 4.98 4.98 4.98 4.98 4.98 4.98 4.98 4.98 4.98 4.98 4.98 4.98 4.98 4.98 4.98 4.98 4.98 4.98 4.98 4.98 4.98 4.98 4.98 4.98 4.98 4.98 4.98 4.98 4.98 4.98 4.98 4.98 4.98 4.98 4.98 4.98 4.98 4.98 4.98 4.98 4.98 4.98 4.98 4.98 4.98 4.98 4.98 4.98 4.98 4.98 4.98 4.98 4.98 4.98 4.98 4.98 4.98 4.98 4.98 4.98 4.98 4.98 4.98 4.98 4.98 4.98 4.98 4.98 4.98 4.98 4.98 4.98 4.98 4.98 4.98 4.98 4.98 4.98 4.98 4.98 4.98 4.98 4.98 4.98 4.98 4.98 4.98 4.98 4.98 4.98 4.98 4.98 4.98 4.98 4.98 4.98 4.98 4.98 4.98 4.98 4.98 4.98 4.98 4.98 4.98 4.98 4.98 4.98 4.98 4.98 4.98 4.98 4.98 4.98 4.98 4.98 4.98 4.98 4.98 4.98 4.98 4.98 4.98 4.98 4.98 4.98 4.98 4.98 4.98 4.98 4.98 4.98 4.98 4.98 4.98 4.98 4.98 4.98 4.98 4.98 4.98 4.98
name               DischargeRegion_1_Port_2
index              9
type               Discharge
regionIndex        3
x_coordinate       11138
y_coordinate       4910
fixedPortFee       87
numBerths          1
maxAmountPerPeriod 165
minAmountPerPeriod 90
capacity           150
initialInventory   75
consumption        15 15 15 15 15 15 15 15 15 15 15 15 15 15 15 15 15 15 15 15 15 15 15 15 15 15 15 15 15 15 15 15 15 15 15 15 15 15 15 15 15 15 15 15 15 15 15 15 15 15 15 15 15 15 15 15 15 15 15 15 15 15 15 15 15 15 15 15 15 15 15 15 15 15 15 15 15 15 15 15 15 15 15 15 15 15 15 15 15 15 15 15 15 15 15 15 15 15 15 15 15 15 15 15 15 15 15 15 15 15 15 15 15 15 15 15 15 15 15 15 15 15 15 15 15 15 15 15 15 15 15 15 15 15 15 15 15 15 15 15 15 15 15 15 15 15 15 15 15 15 15 15 15 15 15 15 15 15 15 15 15 15 15 15 15 15 15 15 15 15 15 15 15 15 15 15 15 15 15 15 15 15 15 15 15 15 15 15 15 15 15 15 15 15 15 15 15 15 15 15 15 15 15 15 15 15 15 15 15 15 15 15 15 15 15 15 15 15 15 15 15 15 15 15 15 15 15 15 15 15 15 15 15 15 15 15 15 15 15 15 15 15 15 15 15 15 15 15 15 15 15 15 15 15 15 15 15 15 15 15 15 15 15 15 15 15 15 15 15 15 15 15 15 15 15 15 15 15 15 15 15 15 15 15 15 15 15 15 15 15 15 15 15 15 15 15 15 15 15 15 15 15 15 15 15 15 15 15 15 15 15 15 15 15 15 15 15 15 15 15 15 15 15 15 15 15 15 15 15 15 15 15 15 15 15 15 15 15 15 15 15 15 15 15 15 15 15 15 15 15 15 15 15 15 15 15 15 15 15 15
revenue            4.98 4.98 4.98 4.98 4.98 4.98 4.98 4.98 4.98 4.98 4.98 4.98 4.98 4.98 4.98 4.98 4.98 4.98 4.98 4.98 4.98 4.98 4.98 4.98 4.98 4.98 4.98 4.98 4.98 4.98 4.98 4.98 4.98 4.98 4.98 4.98 4.98 4.98 4.98 4.98 4.98 4.98 4.98 4.98 4.98 4.98 4.98 4.98 4.98 4.98 4.98 4.98 4.98 4.98 4.98 4.98 4.98 4.98 4.98 4.98 4.98 4.98 4.98 4.98 4.98 4.98 4.98 4.98 4.98 4.98 4.98 4.98 4.98 4.98 4.98 4.98 4.98 4.98 4.98 4.98 4.98 4.98 4.98 4.98 4.98 4.98 4.98 4.98 4.98 4.98 4.98 4.98 4.98 4.98 4.98 4.98 4.98 4.98 4.98 4.98 4.98 4.98 4.98 4.98 4.98 4.98 4.98 4.98 4.98 4.98 4.98 4.98 4.98 4.98 4.98 4.98 4.98 4.98 4.98 4.98 4.98 4.98 4.98 4.98 4.98 4.98 4.98 4.98 4.98 4.98 4.98 4.98 4.98 4.98 4.98 4.98 4.98 4.98 4.98 4.98 4.98 4.98 4.98 4.98 4.98 4.98 4.98 4.98 4.98 4.98 4.98 4.98 4.98 4.98 4.98 4.98 4.98 4.98 4.98 4.98 4.98 4.98 4.98 4.98 4.98 4.98 4.98 4.98 4.98 4.98 4.98 4.98 4.98 4.98 4.98 4.98 4.98 4.98 4.98 4.98 4.98 4.98 4.98 4.98 4.98 4.98 4.98 4.98 4.98 4.98 4.98 4.98 4.98 4.98 4.98 4.98 4.98 4.98 4.98 4.98 4.98 4.98 4.98 4.98 4.98 4.98 4.98 4.98 4.98 4.98 4.98 4.98 4.98 4.98 4.98 4.98 4.98 4.98 4.98 4.98 4.98 4.98 4.98 4.98 4.98 4.98 4.98 4.98 4.98 4.98 4.98 4.98 4.98 4.98 4.98 4.98 4.98 4.98 4.98 4.98 4.98 4.98 4.98 4.98 4.98 4.98 4.98 4.98 4.98 4.98 4.98 4.98 4.98 4.98 4.98 4.98 4.98 4.98 4.98 4.98 4.98 4.98 4.98 4.98 4.98 4.98 4.98 4.98 4.98 4.98 4.98 4.98 4.98 4.98 4.98 4.98 4.98 4.98 4.98 4.98 4.98 4.98 4.98 4.98 4.98 4.98 4.98 4.98 4.98 4.98 4.98 4.98 4.98 4.98 4.98 4.98 4.98 4.98 4.98 4.98 4.98 4.98 4.98 4.98 4.98 4.98 4.98 4.98 4.98 4.98 4.98 4.98 4.98 4.98 4.98 4.98 4.98 4.98 4.98 4.98 4.98 4.98 4.98 4.98 4.98 4.98 4.98 4.98 4.98 4.98 4.98 4.98 4.98 4.98 4.98 4.98 4.98 4.98 4.98 4.98 4.98 4.98 4.98 4.98 4.98 4.98 4.98 4.98 4.98 4.98 4.98 4.98 4.98 4.98 4.98 4.98 4.98 4.98 4.98 4.98
name               DischargeRegion_2_Port_0
index              10
type               Discharge
regionIndex        4
x_coordinate       15995
y_coordinate       12744
fixedPortFee       53
numBerths          1
maxAmountPerPeriod 260
minAmountPerPeriod 100
capacity           270
initialInventory   0
consumption        30 30 30 30 30 30 30 30 30 30 30 30 30 30 30 30 30 30 30 30 30 30 30 30 30 30 30 30 30 30 30 30 30 30 30 30 30 30 30 30 30 30 30 30 30 30 30 30 30 30 30 30 30 30 30 30 30 30 30 30 30 30 30 30 30 30 30 30 30 30 30 30 30 30 30 30 30 30 30 30 30 30 30 30 30 30 30 30 30 30 30 30 30 30 30 30 30 30 30 30 30 30 30 30 30 30 30 30 30 30 30 30 30 30 30 30 30 30 30 30 30 30 30 30 30 30 30 30 30 30 30 30 30 30 30 30 30 30 30 30 30 30 30 30 30 30 30 30 30 30 30 30 30 30 30 30 30 30 30 30 30 30 30 30 30 30 30 30 30 30 30 30 30 30 30 30 30 30 30 30 30 30 30 30 30 30 30 30 30 30 30 30 30 30 30 30 30 30 30 30 30 30 30 30 30 30 30 30 30 30 30 30 30 30 30 30 30 30 30 30 30 30 30 30 30 30 30 30 30 30 30 30 30 30 30 30 30 30 30 30 30 30 30 30 30 30 30 30 30 30 30 30 30 30 30 30 30 30 30 30 30 30 30 30 30 30 30 30 30 30 30 30 30 30 30 30 30 30 30 30 30 30 30 30 30 30 30 30 30 30 30 30 30 30 30 30 30 30 30 30 30 30 30 30 30 30 30 30 30 30 30 30 30 30 30 30 30 30 30 30 30 30 30 30 30 30 30 30 30 30 30 30 30 30 30 30 30 30 30 30 30 30 30 30 30 30 30 30 30 30 30 30 30 30 30 30 30 30 30 30
revenue            5.43 5.43 5.43 5.43 5.43 5.43 5.43 5.43 5.43 5.43 5.43 5.43 5.43 5.43 5.43 5.43 5.43 5.43 5.43 5.43 5.43 5.43 5.43 5.43 5.43 5.43 5.43 5.43 5.43 5.43 5.43 5.43 5.43 5.43 5.43 5.43 5.43 5.43 5.43 5.43 5.43 5.43 5.43 5.43 5.43 5.43 5.43 5.43 5.43 5.43 5.43 5.43 5.43 5.43 5.43 5.43 5.43 5.43 5.43 5.43 5.43 5.43 5.43 5.43 5.43 5.43 5.43 5.43 5.43 5.43 5.43 5.43 5.43 5.43 5.43 5.43 5.43 5.43 5.43 5.43 5.43 5.43 5.43 5.43 5.43 5.43 5.43 5.43 5.43 5.43 5.43 5.43 5.43 5.43 5.43 5.43 5.43 5.43 5.43 5.43 5.43 5.43 5.43 5.43 5.43 5.43 5.43 5.43 5.43 5.43 5.43 5.43 5.43 5.43 5.43 5.43 5.43 5.43 5.43 5.43 5.43 5.43 5.43 5.43 5.43 5.43 5.43 5.43 5.43 5.43 5.43 5.43 5.43 5.43 5.43 5.43 5.43 5.43 5.43 5.43 5.43 5.43 5.43 5.43 5.43 5.43 5.43 5.43 5.43 5.43 5.43 5.43 5.43 5.43 5.43 5.43 5.43 5.43 5.43 5.43 5.43 5.43 5.43 5.43 5.43 5.43 5.43 5.43 5.43 5.43 5.43 5.43 5.43 5.43 5.43 5.43 5.43 5.43 5.43 5.43 5.43 5.43 5.43 5.43 5.43 5.43 5.43 5.43 5.43 5.43 5.43 5.43 5.43 5.43 5.43 5.43 5.43 5.43 5.43 5.43 5.43 5.43 5.43 5.43 5.43 5.43 5.43 5.43 5.43 5.43 5.43 5.43 5.43 5.43 5.43 5.43 5.43 5.43 5.43 5.43 5.43 5.43 5.43 5.43 5.43 5.43 5.43 5.43 5.43 5.43 5.43 5.43 5.43 5.43 5.43 5.43 5.43 5.43 5.43 5.43 5.43 5.43 5.43 5.43 5.43 5.43 5.43 5.43 5.43 5.43 5.43 5.43 5.43 5.43 5.43 5.43 5.43 5.43 5.43 5.43 5.43 5.43 5.43 5.43 5.43 5.43 5.43 5.43 5.43 5.43 5.43 5.43 5.43 5.43 5.43 5.43 5.43 5.43 5.43 5.43 5.43 5.43 5.43 5.43 5.43 5.43 5.43 5.43 5.43 5.43 5.43 5.43 5.43 5.43 5.43 5.43 5.43 5.43 5.43 5.43 5.43 5.43 5.43 5.43 5.43 5.43 5.43 5.43 5.43 5.43 5.43 5.43 5.43 5.43 5.43 5.43 5.43 5.43 5.43 5.43 5.43 5.43 5.43 5.43 5.43 5.43 5.43 5.43 5.43 5.43 5.43 5.43 5.43 5.43 5.43 5.43 5.43 5.43 5.43 5.43 5.43 5.43 5.43 5.43 5.43 5.43 5.43 5.43 5.43 5.43 5.43 5.43 5.43 5.43 5.43 5.43 5.43 5.43 5.43 5.43
name               DischargeRegion_2_Port_1
index              11
type               Discharge
regionIndex        4
x_coordinate       16141
y_coordinate       12222
fixedPortFee       55
numBerths          1
maxAmountPerPeriod 231
minAmountPerPeriod 80
capacity           210
initialInventory   21
consumption        21 21 21 21 21 21 21 21 21 21 21 21 21 21 21 21 21 21 21 21 21 21 21 21 21 21 21 21 21 21 21 21 21 21 21 21 21 21 21 21 21 21 21 21 21 21 21 21 21 21 21 21 21 21 21 21 21 21 21 21 21 21 21 21 21 21 21 21 21 21 21 21 21 21 21 21 21 21 21 21 21 21 21 21 21 21 21 21 21 21 21 21 21 21 21 21 21 21 21 21 21 21 21 21 21 21 21 21 21 21 21 21 21 21 21 21 21 21 21 21 21 21 21 21 21 21 21 21 21 21 21 21 21 21 21 21 21 21 21 21 21 21 21 21 21 21 21 21 21 21 21 21 21 21 21 21 21 21 21 21 21 21 21 21 21 21 21 21 21 21 21 21 21 21 21 21 21 21 21 21 21 21 21 21 21 21 21 21 21 21 21 21 21 21 21 21 21 21 21 21 21 21 21 21 21 21 21 21 21 21 21 21 21 21 21 21 21 21 21 21 21 21 21 21 21 21 21 21 21 21 21 21 21 21 21 21 21 21 21 21 21 21 21 21 21 21 21 21 21 21 21 21 21 21 21 21 21 21 21 21 21 21 21 21 21 21 21 21 21 21 21 21 21 21 21 21 21 21 21 21 21 21 21 21 21 21 21 21 21 21 21 21 21 21 21 21 21 21 21 21 21 21 21 21 21 21 21 21 21 21 21 21 21 21 21 21 21 21 21 21 21 21 21 21 21 21 21 21 21 21 21 21 21 21 21 21 21 21 21 21 21 21 21 21 21 21 21 21 21 21 21 21 21 21 21 21 21 21 21 21
revenue            5.43 5.43 5.43 5.43 5.43 5.43 5.43 5.43 5.43 5.43 5.43 5.43 5.43 5.43 5.43 5.43 5.43 5.43 5.43 5.43 5.43 5.43 5.43 5.43 5.43 5.43 5.43 5.43 5.43 5.43 5.43 5.43 5.43 5.43 5.43 5.43 5.43 5.43 5.43 5.43 5.43 5.43 5.43 5.43 5.43 5.43 5.43 5.43 5.43 5.43 5.43 5.43 5.43 5.43 5.43 5.43 5.43 5.43 5.43 5.43 5.43 5.43 5.43 5.43 5.43 5.43 5.43 5.43 5.43 5.43 5.43 5.43 5.43 5.43 5.43 5.43 5.43 5.43 5.43 5.43 5.43 5.43 5.43 5.43 5.43 5.43 5.43 5.43 5.43 5.43 5.43 5.43 5.43 5.43 5.43 5.43 5.43 5.43 5.43 5.43 5.43 5.43 5.43 5.43 5.43 5.43 5.43 5.43 5.43 5.43 5.43 5.43 5.43 5.43 5.43 5.43 5.43 5.43 5.43 5.43 5.43 5.43 5.43 5.43 5.43 5.43 5.43 5.43 5.43 5.43 5.43 5.43 5.43 5.43 5.43 5.43 5.43 5.43 5.43 5.43 5.43 5.43 5.43 5.43 5.43 5.43 5.43 5.43 5.43 5.43 5.43 5.43 5.43 5.43 5.43 5.43 5.43 5.43 5.43 5.43 5.43 5.43 5.43 5.43 5.43 5.43 5.43 5.43 5.43 5.43 5.43 5.43 5.43 5.43 5.43 5.43 5.43 5.43 5.43 5.43 5.43 5.43 5.43 5.43 5.43 5.43 5.43 5.43 5.43 5.43 5.43 5.43 5.43 5.43 5.43 5.43 5.43 5.43 5.43 5.43 5.43 5.43 5.43 5.43 5.43 5.43 5.43 5.43 5.43 5.43 5.43 5.43 5.43 5.43 5.43 5.43 5.43 5.43 5.43 5.43 5.43 5.43 5.43 5.43 5.43 5.43 5.43 5.43 5.43 5.43 5.43 5.43 5.43 5.43 5.43 5.43 5.43 5.43 5.43 5.43 5.43 5.43 5.43 5.43 5.43 5.43 5.43 5.43 5.43 5.43 5.43 5.43 5.43 5.43 5.43 5.43 5.43 5.43 5.43 5.43 5.43 5.43 5.43 5.43 5.43 5.43 5.43 5.43 5.43 5.43 5.43 5.43 5.43 5.43 5.43 5.43 5.43 5.43 5.43 5.43 5.43 5.43 5.43 5.43 5.43 5.43 5.43 5.43 5.43 5.43 5.43 5.43 5.43 5.43 5.43 5.43 5.43 5.43 5.43 5.43 5.43 5.43 5.43 5.43 5.43 5.43 5.43 5.43 5.43 5.43 5.43 5.43 5.43 5.43 5.43 5.43 5.43 5.43 5.43 5.43 5.43 5.43 5.43 5.43 5.43 5.43 5.43 5.43 5.43 5.43 5.43 5.43 5.43 5.43 5.43 5.43 5.43 5.43 5.43 5.43 5.43 5.43 5.43 5.43 5.43 5.43 5.43 5.43 5.43 5.43 5.43 5.43 5.43 5.43 5.43 5.43 5.43 5.43 5.43 5.43
name               DischargeRegion_2_Port_2
index              12
type               Discharge
regionIndex        4
x_coordinate       16251
y_coordinate       12386
fixedPortFee       55
numBerths          1
maxAmountPerPeriod 168
minAmountPerPeriod 80
capacity           150
initialInventory   75
consumption        18 18 18 18 18 18 18 18 18 18 18 18 18 18 18 18 18 18 18 18 18 18 18 18 18 18 18 18 18 18 18 18 18 18 18 18 18 18 18 18 18 18 18 18 18 18 18 18 18 18 18 18 18 18 18 18 18 18 18 18 18 18 18 18 18 18 18 18 18 18 18 18 18 18 18 18 18 18 18 18 18 18 18 18 18 18 18 18 18 18 18 18 18 18 18 18 18 18 18 18 18 18 18 18 18 18 18 18 18 18 18 18 18 18 18 18 18 18 18 18 18 18 18 18 18 18 18 18 18 18 18 18 18 18 18 18 18 18 18 18 18 18 18 18 18 18 18 18 18 18 18 18 18 18 18 18 18 18 18 18 18 18 18 18 18 18 18 18 18 18 18 18 18 18 18 18 18 18 18 18 18 18 18 18 18 18 18 18 18 18 18 18 18 18 18 18 18 18 18 18 18 18 18 18 18 18 18 18 18 18 18 18 18 18 18 18 18 18 18 18 18 18 18 18 18 18 18 18 18 18 18 18 18 18 18 18 18 18 18 18 18 18 18 18 18 18 18 18 18 18 18 18 18 18 18 18 18 18 18 18 18 18 18 18 18 18 18 18 18 18 18 18 18 18 18 18 18 18 18 18 18 18 18 18 18 18 18 18 18 18 18 18 18 18 18 18 18 18 18 18 18 18 18 18 18 18 18 18 18 18 18 18 18 18 18 18 18 18 18 18 18 18 18 18 18 18 18 18 18 18 18 18 18 18 18 18 18 18 18 18 18 18 18 18 18 18 18 18 18 18 18 18 18 18 18 18 18 18 18 18
revenue            5.43 5.43 5.43 5.43 5.43 5.43 5.43 5.43 5.43 5.43 5.43 5.43 5.43 5.43 5.43 5.43 5.43 5.43 5.43 5.43 5.43 5.43 5.43 5.43 5.43 5.43 5.43 5.43 5.43 5.43 5.43 5.43 5.43 5.43 5.43 5.43 5.43 5.43 5.43 5.43 5.43 5.43 5.43 5.43 5.43 5.43 5.43 5.43 5.43 5.43 5.43 5.43 5.43 5.43 5.43 5.43 5.43 5.43 5.43 5.43 5.43 5.43 5.43 5.43 5.43 5.43 5.43 5.43 5.43 5.43 5.43 5.43 5.43 5.43 5.43 5.43 5.43 5.43 5.43 5.43 5.43 5.43 5.43 5.43 5.43 5.43 5.43 5.43 5.43 5.43 5.43 5.43 5.43 5.43 5.43 5.43 5.43 5.43 5.43 5.43 5.43 5.43 5.43 5.43 5.43 5.43 5.43 5.43 5.43 5.43 5.43 5.43 5.43 5.43 5.43 5.43 5.43 5.43 5.43 5.43 5.43 5.43 5.43 5.43 5.43 5.43 5.43 5.43 5.43 5.43 5.43 5.43 5.43 5.43 5.43 5.43 5.43 5.43 5.43 5.43 5.43 5.43 5.43 5.43 5.43 5.43 5.43 5.43 5.43 5.43 5.43 5.43 5.43 5.43 5.43 5.43 5.43 5.43 5.43 5.43 5.43 5.43 5.43 5.43 5.43 5.43 5.43 5.43 5.43 5.43 5.43 5.43 5.43 5.43 5.43 5.43 5.43 5.43 5.43 5.43 5.43 5.43 5.43 5.43 5.43 5.43 5.43 5.43 5.43 5.43 5.43 5.43 5.43 5.43 5.43 5.43 5.43 5.43 5.43 5.43 5.43 5.43 5.43 5.43 5.43 5.43 5.43 5.43 5.43 5.43 5.43 5.43 5.43 5.43 5.43 5.43 5.43 5.43 5.43 5.43 5.43 5.43 5.43 5.43 5.43 5.43 5.43 5.43 5.43 5.43 5.43 5.43 5.43 5.43 5.43 5.43 5.43 5.43 5.43 5.43 5.43 5.43 5.43 5.43 5.43 5.43 5.43 5.43 5.43 5.43 5.43 5.43 5.43 5.43 5.43 5.43 5.43 5.43 5.43 5.43 5.43 5.43 5.43 5.43 5.43 5.43 5.43 5.43 5.43 5.43 5.43 5.43 5.43 5.43 5.43 5.43 5.43 5.43 5.43 5.43 5.43 5.43 5.43 5.43 5.43 5.43 5.43 5.43 5.43 5.43 5.43 5.43 5.43 5.43 5.43 5.43 5.43 5.43 5.43 5.43 5.43 5.43 5.43 5.43 5.43 5.43 5.43 5.43 5.43 5.43 5.43 5.43 5.43 5.43 5.43 5.43 5.43 5.43 5.43 5.43 5.43 5.43 5.43 5.43 5.43 5.43 5.43 5.43 5.43 5.43 5.43 5.43 5.43 5.43 5.43 5.43 5.43 5.43 5.43 5.43 5.43 5.43 5.43 5.43 5.43 5.43 5.43 5.43 5.43 5.43 5.43 5.43 5.43 5.43 5.43 5.43 5.43 5.43 5.43 5.43
