name               DischargeRegion_0_Port_0
index              2
type               Discharge
regionIndex        2
x_coordinate       9848
y_coordinate       4812
fixedPortFee       32
numBerths          1
maxAmountPerPeriod 243
minAmountPerPeriod 55
capacity           216
initialInventory   108
consumption        27 27 27 27 27 27 27 27 27 27 27 27 27 27 27 27 27 27 27 27 27 27 27 27 27 27 27 27 27 27 27 27 27 27 27 27 27 27 27 27 27 27 27 27 27 27 27 27 27 27 27 27 27 27 27 27 27 27 27 27 27 27 27 27 27 27 27 27 27 27 27 27 27 27 27 27 27 27 27 27 27 27 27 27 27 27 27 27 27 27 27 27 27 27 27 27 27 27 27 27 27 27 27 27 27 27 27 27 27 27 27 27 27 27 27 27 27 27 27 27 27 27 27 27 27 27 27 27 27 27 27 27 27 27 27 27 27 27 27 27 27 27 27 27 27 27 27 27 27 27 27 27 27 27 27 27 27 27 27 27 27 27 27 27 27 27 27 27 27 27 27 27 27 27 27 27 27 27 27 27 27 27 27 27 27 27 27 27 27 27 27 27 27 27 27 27 27 27 27 27 27 27 27 27 27 27 27 27 27 27 27 27 27 27 27 27 27 27 27 27 27 27 27 27 27 27 27 27 27 27 27 27 27 27 27 27 27 27 27 27 27 27 27 27 27 27 27 27 27 27 27 27 27 27 27 27 27 27 27 27 27 27 27 27 27 27 27 27 27 27 27 27 27 27 27 27 27 27 27 27 27 27 27 27 27 27 27 27 27 27 27 27 27 27 27 27 27 27 27 27 27 27 27 27 27 27 27 27 27 27 27 27 27 27 27 27 27 27 27 27 27 27 27 27 27 27 27 27 27 27 27 27 27 27 27 27 27 27 27 27 27 27 27 27 27 27 27 27 27 27 27 27 27 27 27 27 27 27 27 27
revenue            5.34 5.34 5.34 5.34 5.34 5.34 5.34 5.34 5.34 5.34 5.34 5.34 5.34 5.34 5.34 5.34 5.34 5.34 5.34 5.34 5.34 5.34 5.34 5.34 5.34 5.34 5.34 5.34 5.34 5.34 5.34 5.34 5.34 5.34 5.34 5.34 5.34 5.34 5.34 5.34 5.34 5.34 5.34 5.34 5.34 5.34 5.34 5.34 5.34 5.34 5.34 5.34 5.34 5.34 5.34 5.34 5.34 5.34 5.34 5.34 5.34 5.34 5.34 5.34 5.34 5.34 5.34 5.34 5.34 5.34 5.34 5.34 5.34 5.34 5.34 5.34 5.34 5.34 5.34 5.34 5.34 5.34 5.34 5.34 5.34 5.34 5.34 5.34 5.34 5.34 5.34 5.34 5.34 5.34 5.34 5.34 5.34 5.34 5.34 5.34 5.34 5.34 5.34 5.34 5.34 5.34 5.34 5.34 5.34 5.34 5.34 5.34 5.34 5.34 5.34 5.34 5.34 5.34 5.34 5.34 5.34 5.34 5.34 5.34 5.34 5.34 5.34 5.34 5.34 5.34 5.34 5.34 5.34 5.34 5.34 5.34 5.34 5.34 5.34 5.34 5.34 5.34 5.34 5.34 5.34 5.34 5.34 5.34 5.34 5.34 5.34 5.34 5.34 5.34 5.34 5.34 5.34 5.34 5.34 5.34 5.34 5.34 5.34 5.34 5.34 5.34 5.34 5.34 5.34 5.34 5.34 5.34 5.34 5.34 5.34 5.34 5.34 5.34 5.34 5.34 5.34 5.34 5.34 5.34 5.34 5.34 5.34 5.34 5.34 5.34 5.34 5.34 5.34 5.34 5.34 5.34 5.34 5.34 5.34 5.34 5.34 5.34 5.34 5.34 5.34 5.34 5.34 5.34 5.34 5.34 5.34 5.34 5.34 5.34 5.34 5.34 5.34 5.34 5.34 5.34 5.34 5.34 5.34 5.34 5.34 5.34 5.34 5.34 5.34 5.34 5.34 5.34 5.34 5.34 5.34 5.34 5.34 5.34 5.34 5.34 5.34 5.34 5.34 5.34 5.34 5.34 5.34 5.34 5.34 5.34 5.34 5.34 5.34 5.34 5.34 5.34 5.34 5.34 5.34 5.34 5.34 5.34 5.34 5.34 5.34 5.34 5.34 5.34 5.34 5.34 5.34 5.34 5.34 5.34 5.34 5.34 5.34 5.34 5.34 5.34 5.34 5.34 5.34 5.34 5.34 5.34 5.34 5.34 5.34 5.34 5.34 5.34 5.34 5.34 5.34 5.34 5.34 5.34 5.34 5.34 5.34 5.34 5.34 5.34 5.34 5.34 5.34 5.34 5.34 5.34 5.34 5.34 5.34 5.34 5.34 5.34 5.34 5.34 5.34 5.34 5.34 5.34 5.34 5.34 5.34 5.34 5.34 5.34 5.34 5.34 5.34 5.34 5.34 5.34 5.34 5.34 5.34 5.34 5.34 5.34 5.34 5.34 5.34 5.34 5.34 5.34 5.34 5.34 5.34 5.34 5.34 5.34 5.34 5.34 5.34 5.34 5.34 5.34 5.34 5.34
name               DischargeRegion_0_Port_1
index              3
type               Discharge
regionIndex        2
x_coordinate       10100
y_coordinate       5123
fixedPortFee       40
numBerths          1
maxAmountPerPeriod 225
minAmountPerPeriod 60
capacity           210
initialInventory   15
consumption        15 15 15 15 15 15 15 15 15 15 15 15 15 15 15 15 15 15 15 15 15 15 15 15 15 15 15 15 15 15 15 15 15 15 15 15 15 15 15 15 15 15 15 15 15 15 15 15 15 15 15 15 15 15 15 15 15 15 15 15 15 15 15 15 15 15 15 15 15 15 15 15 15 15 15 15 15 15 15 15 15 15 15 15 15 15 15 15 15 15 15 15 15 15 15 15 15 15 15 15 15 15 15 15 15 15 15 15 15 15 15 15 15 15 15 15 15 15 15 15 15 15 15 15 15 15 15 15 15 15 15 15 15 15 15 15 15 15 15 15 15 15 15 15 15 15 15 15 15 15 15 15 15 15 15 15 15 15 15 15 15 15 15 15 15 15 15 15 15 15 15 15 15 15 15 15 15 15 15 15 15 15 15 15 15 15 15 15 15 15 15 15 15 15 15 15 15 15 15 15 15 15 15 15 15 15 15 15 15 15 15 15 15 15 15 15 15 15 15 15 15 15 15 15 15 15 15 15 15 15 15 15 15 15 15 15 15 15 15 15 15 15 15 15 15 15 15 15 15 15 15 15 15 15 15 15 15 15 15 15 15 15 15 15 15 15 15 15 15 15 15 15 15 15 15 15 15 15 15 15 15 15 15 15 15 15 15 15 15 15 15 15 15 15 15 15 15 15 15 15 15 15 15 15 15 15 15 15 15 15 15 15 15 15 15 15 15 15 15 15 15 15 15 15 15 15 15 15 15 15 15 15 15 15 15 15 15 15 15 15 15 15 15 15 15 15 15 15 15 15 15 15 15 15 15 15 15 15 15 15
revenue            5.34 5.34 5.34 5.34 5.34 5.34 5.34 5.34 5.34 5.34 5.34 5.34 5.34 5.34 5.34 5.34 5.34 5.34 5.34 5.34 5.34 5.34 5.34 5.34 5.34 5.34 5.34 5.34 5.34 5.34 5.34 5.34 5.34 5.34 5.34 5.34 5.34 5.34 5.34 5.34 5.34 5.34 5.34 5.34 5.34 5.34 5.34 5.34 5.34 5.34 5.34 5.34 5.34 5.34 5.34 5.34 5.34 5.34 5.34 5.34 5.34 5.34 5.34 5.34 5.34 5.34 5.34 5.34 5.34 5.34 5.34 5.34 5.34 5.34 5.34 5.34 5.34 5.34 5.34 5.34 5.34 5.34 5.34 5.34 5.34 5.34 5.34 5.34 5.34 5.34 5.34 5.34 5.34 5.34 5.34 5.34 5.34 5.34 5.34 5.34 5.34 5.34 5.34 5.34 5.34 5.34 5.34 5.34 5.34 5.34 5.34 5.34 5.34 5.34 5.34 5.34 5.34 5.34 5.34 5.34 5.34 5.34 5.34 5.34 5.34 5.34 5.34 5.34 5.34 5.34 5.34 5.34 5.34 5.34 5.34 5.34 5.34 5.34 5.34 5.34 5.34 5.34 5.34 5.34 5.34 5.34 5.34 5.34 5.34 5.34 5.34 5.34 5.34 5.34 5.34 5.34 5.34 5.34 5.34 5.34 5.34 5.34 5.34 5.34 5.34 5.34 5.34 5.34 5.34 5.34 5.34 5.34 5.34 5.34 5.34 5.34 5.34 5.34 5.34 5.34 5.34 5.34 5.34 5.34 5.34 5.34 5.34 5.34 5.34 5.34 5.34 5.34 5.34 5.34 5.34 5.34 5.34 5.34 5.34 5.34 5.34 5.34 5.34 5.34 5.34 5.34 5.34 5.34 5.34 5.34 5.34 5.34 5.34 5.34 5.34 5.34 5.34 5.34 5.34 5.34 5.34 5.34 5.34 5.34 5.34 5.34 5.34 5.34 5.34 5.34 5.34 5.34 5.34 5.34 5.34 5.34 5.34 5.34 5.34 5.34 5.34 5.34 5.34 5.34 5.34 5.34 5.34 5.34 5.34 5.34 5.34 5.34 5.34 5.34 5.34 5.34 5.34 5.34 5.34 5.34 5.34 5.34 5.34 5.34 5.34 5.34 5.34 5.34 5.34 5.34 5.34 5.34 5.34 5.34 5.34 5.34 5.34 5.34 5.34 5.34 5.34 5.34 5.34 5.34 5.34 5.34 5.34 5.34 5.34 5.34 5.34 5.34 5.34 5.34 5.34 5.34 5.34 5.34 5.34 5.34 5.34 5.34 5.34 5.34 5.34 5.34 5.34 5.34 5.34 5.34 5.34 5.34 5.34 5.34 5.34 5.34 5.34 5.34 5.34 5.34 5.34 5.34 5.34 5.34 5.34 5.34 5.34 5.34 5.34 5.34 5.34 5.34 5.34 5.34 5.34 5.34 5.34 5.34 5.34 5.34 5.34 5.34 5.34 5.34 5.34 5.34 5.34 5.34 5.34 5.34 5.34 5.34 5.34 5.34 5.34 5.34 5.34 5.34 5.34 5.34
name               DischargeRegion_1_Port_0
index              4
type               Discharge
regionIndex        3
x_coordinate       16236
y_coordinate       12399
fixedPortFee       50
numBerths          1
maxAmountPerPeriod 205
minAmountPerPeriod 60
capacity           330
initialInventory   190
consumption        30 30 30 30 30 30 30 30 30 30 30 30 30 30 30 30 30 30 30 30 30 30 30 30 30 30 30 30 30 30 30 30 30 30 30 30 30 30 30 30 30 30 30 30 30 30 30 30 30 30 30 30 30 30 30 30 30 30 30 30 30 30 30 30 30 30 30 30 30 30 30 30 30 30 30 30 30 30 30 30 30 30 30 30 30 30 30 30 30 30 30 30 30 30 30 30 30 30 30 30 30 30 30 30 30 30 30 30 30 30 30 30 30 30 30 30 30 30 30 30 30 30 30 30 30 30 30 30 30 30 30 30 30 30 30 30 30 30 30 30 30 30 30 30 30 30 30 30 30 30 30 30 30 30 30 30 30 30 30 30 30 30 30 30 30 30 30 30 30 30 30 30 30 30 30 30 30 30 30 30 30 30 30 30 30 30 30 30 30 30 30 30 30 30 30 30 30 30 30 30 30 30 30 30 30 30 30 30 30 30 30 30 30 30 30 30 30 30 30 30 30 30 30 30 30 30 30 30 30 30 30 30 30 30 30 30 30 30 30 30 30 30 30 30 30 30 30 30 30 30 30 30 30 30 30 30 30 30 30 30 30 30 30 30 30 30 30 30 30 30 30 30 30 30 30 30 30 30 30 30 30 30 30 30 30 30 30 30 30 30 30 30 30 30 30 30 30 30 30 30 30 30 30 30 30 30 30 30 30 30 30 30 30 30 30 30 30 30 30 30 30 30 30 30 30 30 30 30 30 30 30 30 30 30 30 30 30 30 30 30 30 30 30 30 30 30 30 30 30 30 30 30 30 30 30 30 30 30 30 30
revenue            5.07 5.07 5.07 5.07 5.07 5.07 5.07 5.07 5.07 5.07 5.07 5.07 5.07 5.07 5.07 5.07 5.07 5.07 5.07 5.07 5.07 5.07 5.07 5.07 5.07 5.07 5.07 5.07 5.07 5.07 5.07 5.07 5.07 5.07 5.07 5.07 5.07 5.07 5.07 5.07 5.07 5.07 5.07 5.07 5.07 5.07 5.07 5.07 5.07 5.07 5.07 5.07 5.07 5.07 5.07 5.07 5.07 5.07 5.07 5.07 5.07 5.07 5.07 5.07 5.07 5.07 5.07 5.07 5.07 5.07 5.07 5.07 5.07 5.07 5.07 5.07 5.07 5.07 5.07 5.07 5.07 5.07 5.07 5.07 5.07 5.07 5.07 5.07 5.07 5.07 5.07 5.07 5.07 5.07 5.07 5.07 5.07 5.07 5.07 5.07 5.07 5.07 5.07 5.07 5.07 5.07 5.07 5.07 5.07 5.07 5.07 5.07 5.07 5.07 5.07 5.07 5.07 5.07 5.07 5.07 5.07 5.07 5.07 5.07 5.07 5.07 5.07 5.07 5.07 5.07 5.07 5.07 5.07 5.07 5.07 5.07 5.07 5.07 5.07 5.07 5.07 5.07 5.07 5.07 5.07 5.07 5.07 5.07 5.07 5.07 5.07 5.07 5.07 5.07 5.07 5.07 5.07 5.07 5.07 5.07 5.07 5.07 5.07 5.07 5.07 5.07 5.07 5.07 5.07 5.07 5.07 5.07 5.07 5.07 5.07 5.07 5.07 5.07 5.07 5.07 5.07 5.07 5.07 5.07 5.07 5.07 5.07 5.07 5.07 5.07 5.07 5.07 5.07 5.07 5.07 5.07 5.07 5.07 5.07 5.07 5.07 5.07 5.07 5.07 5.07 5.07 5.07 5.07 5.07 5.07 5.07 5.07 5.07 5.07 5.07 5.07 5.07 5.07 5.07 5.07 5.07 5.07 5.07 5.07 5.07 5.07 5.07 5.07 5.07 5.07 5.07 5.07 5.07 5.07 5.07 5.07 5.07 5.07 5.07 5.07 5.07 5.07 5.07 5.07 5.07 5.07 5.07 5.07 5.07 5.07 5.07 5.07 5.07 5.07 5.07 5.07 5.07 5.07 5.07 5.07 5.07 5.07 5.07 5.07 5.07 5.07 5.07 5.07 5.07 5.07 5.07 5.07 5.07 5.07 5.07 5.07 5.07 5.07 5.07 5.07 5.07 5.07 5.07 5.07 5.07 5.07 5.07 5.07 5.07 5.07 5.07 5.07 5.07 5.07 5.07 5.07 5.07 5.07 5.07 5.07 5.07 5.07 5.07 5.07 5.07 5.07 5.07 5.07 5.07 5.07 5.07 5.07 5.07 5.07 5.07 5.07 5.07 5.07 5.07 5.07 5.07 5.07 5.07 5.07 5.07 5.07 5.07 5.07 5.07 5.07 5.07 5.07 5.07 5.07 5.07 5.07 5.07 5.07 5.07 5.07 5.07 5.07 5.07 5.07 5.07 5.07 5.07 5.07 5.07 5.07 5.07 5.07 5.07 5.07 5.07 5.07 5.07 5.07 5.07 5.07
name               DischargeRegion_1_Port_1
index              5
type               Discharge
regionIndex        3
x_coordinate       16129
y_coordinate       12357
fixedPortFee       24
numBerths          1
maxAmountPerPeriod 210
minAmountPerPeriod 50
capacity           189
initialInventory   147
consumption        21 21 21 21 21 21 21 21 21 21 21 21 21 21 21 21 21 21 21 21 21 21 21 21 21 21 21 21 21 21 21 21 21 21 21 21 21 21 21 21 21 21 21 21 21 21 21 21 21 21 21 21 21 21 21 21 21 21 21 21 21 21 21 21 21 21 21 21 21 21 21 21 21 21 21 21 21 21 21 21 21 21 21 21 21 21 21 21 21 21 21 21 21 21 21 21 21 21 21 21 21 21 21 21 21 21 21 21 21 21 21 21 21 21 21 21 21 21 21 21 21 21 21 21 21 21 21 21 21 21 21 21 21 21 21 21 21 21 21 21 21 21 21 21 21 21 21 21 21 21 21 21 21 21 21 21 21 21 21 21 21 21 21 21 21 21 21 21 21 21 21 21 21 21 21 21 21 21 21 21 21 21 21 21 21 21 21 21 21 21 21 21 21 21 21 21 21 21 21 21 21 21 21 21 21 21 21 21 21 21 21 21 21 21 21 21 21 21 21 21 21 21 21 21 21 21 21 21 21 21 21 21 21 21 21 21 21 21 21 21 21 21 21 21 21 21 21 21 21 21 21 21 21 21 21 21 21 21 21 21 21 21 21 21 21 21 21 21 21 21 21 21 21 21 21 21 21 21 21 21 21 21 21 21 21 21 21 21 21 21 21 21 21 21 21 21 21 21 21 21 21 21 21 21 21 21 21 21 21 21 21 21 21 21 21 21 21 21 21 21 21 21 21 21 21 21 21 21 21 21 21 21 21 21 21 21 21 21 21 21 21 21 21 21 21 21 21 21 21 21 21 21 21 21 21 21 21 21 21 21
revenue            5.07 5.07 5.07 5.07 5.07 5.07 5.07 5.07 5.07 5.07 5.07 5.07 5.07 5.07 5.07 5.07 5.07 5.07 5.07 5.07 5.07 5.07 5.07 5.07 5.07 5.07 5.07 5.07 5.07 5.07 5.07 5.07 5.07 5.07 5.07 5.07 5.07 5.07 5.07 5.07 5.07 5.07 5.07 5.07 5.07 5.07 5.07 5.07 5.07 5.07 5.07 5.07 5.07 5.07 5.07 5.07 5.07 5.07 5.07 5.07 5.07 5.07 5.07 5.07 5.07 5.07 5.07 5.07 5.07 5.07 5.07 5.07 5.07 5.07 5.07 5.07 5.07 5.07 5.07 5.07 5.07 5.07 5.07 5.07 5.07 5.07 5.07 5.07 5.07 5.07 5.07 5.07 5.07 5.07 5.07 5.07 5.07 5.07 5.07 5.07 5.07 5.07 5.07 5.07 5.07 5.07 5.07 5.07 5.07 5.07 5.07 5.07 5.07 5.07 5.07 5.07 5.07 5.07 5.07 5.07 5.07 5.07 5.07 5.07 5.07 5.07 5.07 5.07 5.07 5.07 5.07 5.07 5.07 5.07 5.07 5.07 5.07 5.07 5.07 5.07 5.07 5.07 5.07 5.07 5.07 5.07 5.07 5.07 5.07 5.07 5.07 5.07 5.07 5.07 5.07 5.07 5.07 5.07 5.07 5.07 5.07 5.07 5.07 5.07 5.07 5.07 5.07 5.07 5.07 5.07 5.07 5.07 5.07 5.07 5.07 5.07 5.07 5.07 5.07 5.07 5.07 5.07 5.07 5.07 5.07 5.07 5.07 5.07 5.07 5.07 5.07 5.07 5.07 5.07 5.07 5.07 5.07 5.07 5.07 5.07 5.07 5.07 5.07 5.07 5.07 5.07 5.07 5.07 5.07 5.07 5.07 5.07 5.07 5.07 5.07 5.07 5.07 5.07 5.07 5.07 5.07 5.07 5.07 5.07 5.07 5.07 5.07 5.07 5.07 5.07 5.07 5.07 5.07 5.07 5.07 5.07 5.07 5.07 5.07 5.07 5.07 5.07 5.07 5.07 5.07 5.07 5.07 5.07 5.07 5.07 5.07 5.07 5.07 5.07 5.07 5.07 5.07 5.07 5.07 5.07 5.07 5.07 5.07 5.07 5.07 5.07 5.07 5.07 5.07 5.07 5.07 5.07 5.07 5.07 5.07 5.07 5.07 5.07 5.07 5.07 5.07 5.07 5.07 5.07 5.07 5.07 5.07 5.07 5.07 5.07 5.07 5.07 5.07 5.07 5.07 5.07 5.07 5.07 5.07 5.07 5.07 5.07 5.07 5.07 5.07 5.07 5.07 5.07 5.07 5.07 5.07 5.07 5.07 5.07 5.07 5.07 5.07 5.07 5.07 5.07 5.07 5.07 5.07 5.07 5.07 5.07 5.07 5.07 5.07 5.07 5.07 5.07 5.07 5.07 5.07 5.07 5.07 5.07 5.07 5.07 5.07 5.07 5.07 5.07 5.07 5.07 5.07 5.07 5.07 5.07 5.07 5.07 5.07 5.07 5.07 5.07 5.07 5.07 5.07 5.07
