----- FullTravelTimeMatrixForClass -----
Vessel_Class_0
    0  1  2  3  4  5  6  7  8  9 10 11 12 
 0  0  1 14 14  9  9  9 23 22 22 12 13 13 
 1  1  0 14 15  9  9  9 23 22 22 13 14 13 
 2 14 14  0  1 11 11 11  9  9  8  7  7  7 
 3 14 15  1  0 11 11 11  9  9  8  7  7  7 
 4  9  9 11 11  0  1  1 19 19 18 13 14 14 
 5  9  9 11 11  1  0  1 20 19 18 14 15 14 
 6  9  9 11 11  1  1  0 19 19 18 13 14 14 
 7 23 23  9  9 19 20 19  0  1  2 12 12 12 
 8 22 22  9  9 19 19 19  1  0  2 12 12 12 
 9 22 22  8  8 18 18 18  2  2  0 12 12 12 
10 12 13  7  7 13 14 13 12 12 12  0  2  1 
11 13 14  7  7 14 15 14 12 12 12  2  0  1 
12 13 13  7  7 14 14 14 12 12 12  1  1  0 
Vessel_Class_1
    0  1  2  3  4  5  6  7  8  9 10 11 12 
 0  0  1 14 14  9  9  9 23 22 22 12 13 13 
 1  1  0 14 15  9  9  9 23 22 22 13 14 13 
 2 14 14  0  1 11 11 11  9  9  8  7  7  7 
 3 14 15  1  0 11 11 11  9  9  8  7  7  7 
 4  9  9 11 11  0  1  1 19 19 18 13 14 14 
 5  9  9 11 11  1  0  1 20 19 18 14 15 14 
 6  9  9 11 11  1  1  0 19 19 18 13 14 14 
 7 23 23  9  9 19 20 19  0  1  2 12 12 12 
 8 22 22  9  9 19 19 19  1  0  2 12 12 12 
 9 22 22  8  8 18 18 18  2  2  0 12 12 12 
10 12 13  7  7 13 14 13 12 12 12  0  2  1 
11 13 14  7  7 14 15 14 12 12 12  2  0  1 
12 13 13  7  7 14 14 14 12 12 12  1  1  0 
Vessel_Class_2
    0  1  2  3  4  5  6  7  8  9 10 11 12 
 0  0  1 14 14  9  9  9 23 22 22 12 13 13 
 1  1  0 14 15  9  9  9 23 22 22 13 14 13 
 2 14 14  0  1 11 11 11  9  9  8  7  7  7 
 3 14 15  1  0 11 11 11  9  9  8  7  7  7 
 4  9  9 11 11  0  1  1 19 19 18 13 14 14 
 5  9  9 11 11  1  0  1 20 19 18 14 15 14 
 6  9  9 11 11  1  1  0 19 19 18 13 14 14 
 7 23 23  9  9 19 20 19  0  1  2 12 12 12 
 8 22 22  9  9 19 19 19  1  0  2 12 12 12 
 9 22 22  8  8 18 18 18  2  2  0 12 12 12 
10 12 13  7  7 13 14 13 12 12 12  0  2  1 
11 13 14  7  7 14 15 14 12 12 12  2  0  1 
12 13 13  7  7 14 14 14 12 12 12  1  1  0 
Vessel_Class_3
    0  1  2  3  4  5  6  7  8  9 10 11 12 
 0  0  1 14 14  9  9  9 23 22 22 12 13 13 
 1  1  0 14 15  9  9  9 23 22 22 13 14 13 
 2 14 14  0  1 11 11 11  9  9  8  7  7  7 
 3 14 15  1  0 11 11 11  9  9  8  7  7  7 
 4  9  9 11 11  0  1  1 19 19 18 13 14 14 
 5  9  9 11 11  1  0  1 20 19 18 14 15 14 
 6  9  9 11 11  1  1  0 19 19 18 13 14 14 
 7 23 23  9  9 19 20 19  0  1  2 12 12 12 
 8 22 22  9  9 19 19 19  1  0  2 12 12 12 
 9 22 22  8  8 18 18 18  2  2  0 12 12 12 
10 12 13  7  7 13 14 13 12 12 12  0  2  1 
11 13 14  7  7 14 15 14 12 12 12  2  0  1 
12 13 13  7  7 14 14 14 12 12 12  1  1  0 
FullTravelTimeMatrixForClass(vc,i,j) = travel time (number of periods) for a vessel in vessel class vc to travel from port i to port j.

