name               DischargeRegion_0_Port_0
index              1
type               Discharge
regionIndex        1
x_coordinate       9554
y_coordinate       19085
fixedPortFee       67
numBerths          1
maxAmountPerPeriod 332
minAmountPerPeriod 50
capacity           340
initialInventory   210
consumption        35 35 35 35 35 35 35 35 35 35 35 35 35 35 35 35 35 35 35 35 35 35 35 35 35 35 35 35 35 35 35 35 35 35 35 35 35 35 35 35 35 35 35 35 35 35 35 35 35 35 35 35 35 35 35 35 35 35 35 35 35 35 35 35 35 35 35 35 35 35 35 35 35 35 35 35 35 35 35 35 35 35 35 35 35 35 35 35 35 35 35 35 35 35 35 35 35 35 35 35 35 35 35 35 35 35 35 35 35 35 35 35 35 35 35 35 35 35 35 35 35 35 35 35 35 35 35 35 35 35 35 35 35 35 35 35 35 35 35 35 35 35 35 35 35 35 35 35 35 35 35 35 35 35 35 35 35 35 35 35 35 35 35 35 35 35 35 35 35 35 35 35 35 35 35 35 35 35 35 35 35 35 35 35 35 35 35 35 35 35 35 35 35 35 35 35 35 35 35 35 35 35 35 35 35 35 35 35 35 35 35 35 35 35 35 35 35 35 35 35 35 35 35 35 35 35 35 35 35 35 35 35 35 35 35 35 35 35 35 35 35 35 35 35 35 35 35 35 35 35 35 35 35 35 35 35 35 35 35 35 35 35 35 35 35 35 35 35 35 35 35 35 35 35 35 35 35 35 35 35 35 35 35 35 35 35 35 35 35 35 35 35 35 35 35 35 35 35 35 35 35 35 35 35 35 35 35 35 35 35 35 35 35 35 35 35 35 35 35 35 35 35 35 35 35 35 35 35 35 35 35 35 35 35 35 35 35 35 35 35 35 35 35 35 35 35 35 35 35 35 35 35 35 35 35 35 35 35 35 35
revenue            5.39 5.39 5.39 5.39 5.39 5.39 5.39 5.39 5.39 5.39 5.39 5.39 5.39 5.39 5.39 5.39 5.39 5.39 5.39 5.39 5.39 5.39 5.39 5.39 5.39 5.39 5.39 5.39 5.39 5.39 5.39 5.39 5.39 5.39 5.39 5.39 5.39 5.39 5.39 5.39 5.39 5.39 5.39 5.39 5.39 5.39 5.39 5.39 5.39 5.39 5.39 5.39 5.39 5.39 5.39 5.39 5.39 5.39 5.39 5.39 5.39 5.39 5.39 5.39 5.39 5.39 5.39 5.39 5.39 5.39 5.39 5.39 5.39 5.39 5.39 5.39 5.39 5.39 5.39 5.39 5.39 5.39 5.39 5.39 5.39 5.39 5.39 5.39 5.39 5.39 5.39 5.39 5.39 5.39 5.39 5.39 5.39 5.39 5.39 5.39 5.39 5.39 5.39 5.39 5.39 5.39 5.39 5.39 5.39 5.39 5.39 5.39 5.39 5.39 5.39 5.39 5.39 5.39 5.39 5.39 5.39 5.39 5.39 5.39 5.39 5.39 5.39 5.39 5.39 5.39 5.39 5.39 5.39 5.39 5.39 5.39 5.39 5.39 5.39 5.39 5.39 5.39 5.39 5.39 5.39 5.39 5.39 5.39 5.39 5.39 5.39 5.39 5.39 5.39 5.39 5.39 5.39 5.39 5.39 5.39 5.39 5.39 5.39 5.39 5.39 5.39 5.39 5.39 5.39 5.39 5.39 5.39 5.39 5.39 5.39 5.39 5.39 5.39 5.39 5.39 5.39 5.39 5.39 5.39 5.39 5.39 5.39 5.39 5.39 5.39 5.39 5.39 5.39 5.39 5.39 5.39 5.39 5.39 5.39 5.39 5.39 5.39 5.39 5.39 5.39 5.39 5.39 5.39 5.39 5.39 5.39 5.39 5.39 5.39 5.39 5.39 5.39 5.39 5.39 5.39 5.39 5.39 5.39 5.39 5.39 5.39 5.39 5.39 5.39 5.39 5.39 5.39 5.39 5.39 5.39 5.39 5.39 5.39 5.39 5.39 5.39 5.39 5.39 5.39 5.39 5.39 5.39 5.39 5.39 5.39 5.39 5.39 5.39 5.39 5.39 5.39 5.39 5.39 5.39 5.39 5.39 5.39 5.39 5.39 5.39 5.39 5.39 5.39 5.39 5.39 5.39 5.39 5.39 5.39 5.39 5.39 5.39 5.39 5.39 5.39 5.39 5.39 5.39 5.39 5.39 5.39 5.39 5.39 5.39 5.39 5.39 5.39 5.39 5.39 5.39 5.39 5.39 5.39 5.39 5.39 5.39 5.39 5.39 5.39 5.39 5.39 5.39 5.39 5.39 5.39 5.39 5.39 5.39 5.39 5.39 5.39 5.39 5.39 5.39 5.39 5.39 5.39 5.39 5.39 5.39 5.39 5.39 5.39 5.39 5.39 5.39 5.39 5.39 5.39 5.39 5.39 5.39 5.39 5.39 5.39 5.39 5.39 5.39 5.39 5.39 5.39 5.39 5.39 5.39 5.39 5.39 5.39 5.39 5.39 5.39 5.39 5.39 5.39 5.39 5.39
name               DischargeRegion_0_Port_1
index              2
type               Discharge
regionIndex        1
x_coordinate       10003
y_coordinate       19477
fixedPortFee       74
numBerths          1
maxAmountPerPeriod 235
minAmountPerPeriod 55
capacity           366
initialInventory   203
consumption        29 29 29 29 29 29 29 29 29 29 29 29 29 29 29 29 29 29 29 29 29 29 29 29 29 29 29 29 29 29 29 29 29 29 29 29 29 29 29 29 29 29 29 29 29 29 29 29 29 29 29 29 29 29 29 29 29 29 29 29 29 29 29 29 29 29 29 29 29 29 29 29 29 29 29 29 29 29 29 29 29 29 29 29 29 29 29 29 29 29 29 29 29 29 29 29 29 29 29 29 29 29 29 29 29 29 29 29 29 29 29 29 29 29 29 29 29 29 29 29 29 29 29 29 29 29 29 29 29 29 29 29 29 29 29 29 29 29 29 29 29 29 29 29 29 29 29 29 29 29 29 29 29 29 29 29 29 29 29 29 29 29 29 29 29 29 29 29 29 29 29 29 29 29 29 29 29 29 29 29 29 29 29 29 29 29 29 29 29 29 29 29 29 29 29 29 29 29 29 29 29 29 29 29 29 29 29 29 29 29 29 29 29 29 29 29 29 29 29 29 29 29 29 29 29 29 29 29 29 29 29 29 29 29 29 29 29 29 29 29 29 29 29 29 29 29 29 29 29 29 29 29 29 29 29 29 29 29 29 29 29 29 29 29 29 29 29 29 29 29 29 29 29 29 29 29 29 29 29 29 29 29 29 29 29 29 29 29 29 29 29 29 29 29 29 29 29 29 29 29 29 29 29 29 29 29 29 29 29 29 29 29 29 29 29 29 29 29 29 29 29 29 29 29 29 29 29 29 29 29 29 29 29 29 29 29 29 29 29 29 29 29 29 29 29 29 29 29 29 29 29 29 29 29 29 29 29 29 29 29
revenue            5.39 5.39 5.39 5.39 5.39 5.39 5.39 5.39 5.39 5.39 5.39 5.39 5.39 5.39 5.39 5.39 5.39 5.39 5.39 5.39 5.39 5.39 5.39 5.39 5.39 5.39 5.39 5.39 5.39 5.39 5.39 5.39 5.39 5.39 5.39 5.39 5.39 5.39 5.39 5.39 5.39 5.39 5.39 5.39 5.39 5.39 5.39 5.39 5.39 5.39 5.39 5.39 5.39 5.39 5.39 5.39 5.39 5.39 5.39 5.39 5.39 5.39 5.39 5.39 5.39 5.39 5.39 5.39 5.39 5.39 5.39 5.39 5.39 5.39 5.39 5.39 5.39 5.39 5.39 5.39 5.39 5.39 5.39 5.39 5.39 5.39 5.39 5.39 5.39 5.39 5.39 5.39 5.39 5.39 5.39 5.39 5.39 5.39 5.39 5.39 5.39 5.39 5.39 5.39 5.39 5.39 5.39 5.39 5.39 5.39 5.39 5.39 5.39 5.39 5.39 5.39 5.39 5.39 5.39 5.39 5.39 5.39 5.39 5.39 5.39 5.39 5.39 5.39 5.39 5.39 5.39 5.39 5.39 5.39 5.39 5.39 5.39 5.39 5.39 5.39 5.39 5.39 5.39 5.39 5.39 5.39 5.39 5.39 5.39 5.39 5.39 5.39 5.39 5.39 5.39 5.39 5.39 5.39 5.39 5.39 5.39 5.39 5.39 5.39 5.39 5.39 5.39 5.39 5.39 5.39 5.39 5.39 5.39 5.39 5.39 5.39 5.39 5.39 5.39 5.39 5.39 5.39 5.39 5.39 5.39 5.39 5.39 5.39 5.39 5.39 5.39 5.39 5.39 5.39 5.39 5.39 5.39 5.39 5.39 5.39 5.39 5.39 5.39 5.39 5.39 5.39 5.39 5.39 5.39 5.39 5.39 5.39 5.39 5.39 5.39 5.39 5.39 5.39 5.39 5.39 5.39 5.39 5.39 5.39 5.39 5.39 5.39 5.39 5.39 5.39 5.39 5.39 5.39 5.39 5.39 5.39 5.39 5.39 5.39 5.39 5.39 5.39 5.39 5.39 5.39 5.39 5.39 5.39 5.39 5.39 5.39 5.39 5.39 5.39 5.39 5.39 5.39 5.39 5.39 5.39 5.39 5.39 5.39 5.39 5.39 5.39 5.39 5.39 5.39 5.39 5.39 5.39 5.39 5.39 5.39 5.39 5.39 5.39 5.39 5.39 5.39 5.39 5.39 5.39 5.39 5.39 5.39 5.39 5.39 5.39 5.39 5.39 5.39 5.39 5.39 5.39 5.39 5.39 5.39 5.39 5.39 5.39 5.39 5.39 5.39 5.39 5.39 5.39 5.39 5.39 5.39 5.39 5.39 5.39 5.39 5.39 5.39 5.39 5.39 5.39 5.39 5.39 5.39 5.39 5.39 5.39 5.39 5.39 5.39 5.39 5.39 5.39 5.39 5.39 5.39 5.39 5.39 5.39 5.39 5.39 5.39 5.39 5.39 5.39 5.39 5.39 5.39 5.39 5.39 5.39 5.39 5.39 5.39 5.39 5.39 5.39 5.39 5.39 5.39 5.39
name               DischargeRegion_0_Port_2
index              3
type               Discharge
regionIndex        1
x_coordinate       10442
y_coordinate       19106
fixedPortFee       86
numBerths          1
maxAmountPerPeriod 225
minAmountPerPeriod 54
capacity           330
initialInventory   175
consumption        25 25 25 25 25 25 25 25 25 25 25 25 25 25 25 25 25 25 25 25 25 25 25 25 25 25 25 25 25 25 25 25 25 25 25 25 25 25 25 25 25 25 25 25 25 25 25 25 25 25 25 25 25 25 25 25 25 25 25 25 25 25 25 25 25 25 25 25 25 25 25 25 25 25 25 25 25 25 25 25 25 25 25 25 25 25 25 25 25 25 25 25 25 25 25 25 25 25 25 25 25 25 25 25 25 25 25 25 25 25 25 25 25 25 25 25 25 25 25 25 25 25 25 25 25 25 25 25 25 25 25 25 25 25 25 25 25 25 25 25 25 25 25 25 25 25 25 25 25 25 25 25 25 25 25 25 25 25 25 25 25 25 25 25 25 25 25 25 25 25 25 25 25 25 25 25 25 25 25 25 25 25 25 25 25 25 25 25 25 25 25 25 25 25 25 25 25 25 25 25 25 25 25 25 25 25 25 25 25 25 25 25 25 25 25 25 25 25 25 25 25 25 25 25 25 25 25 25 25 25 25 25 25 25 25 25 25 25 25 25 25 25 25 25 25 25 25 25 25 25 25 25 25 25 25 25 25 25 25 25 25 25 25 25 25 25 25 25 25 25 25 25 25 25 25 25 25 25 25 25 25 25 25 25 25 25 25 25 25 25 25 25 25 25 25 25 25 25 25 25 25 25 25 25 25 25 25 25 25 25 25 25 25 25 25 25 25 25 25 25 25 25 25 25 25 25 25 25 25 25 25 25 25 25 25 25 25 25 25 25 25 25 25 25 25 25 25 25 25 25 25 25 25 25 25 25 25 25 25 25
revenue            5.39 5.39 5.39 5.39 5.39 5.39 5.39 5.39 5.39 5.39 5.39 5.39 5.39 5.39 5.39 5.39 5.39 5.39 5.39 5.39 5.39 5.39 5.39 5.39 5.39 5.39 5.39 5.39 5.39 5.39 5.39 5.39 5.39 5.39 5.39 5.39 5.39 5.39 5.39 5.39 5.39 5.39 5.39 5.39 5.39 5.39 5.39 5.39 5.39 5.39 5.39 5.39 5.39 5.39 5.39 5.39 5.39 5.39 5.39 5.39 5.39 5.39 5.39 5.39 5.39 5.39 5.39 5.39 5.39 5.39 5.39 5.39 5.39 5.39 5.39 5.39 5.39 5.39 5.39 5.39 5.39 5.39 5.39 5.39 5.39 5.39 5.39 5.39 5.39 5.39 5.39 5.39 5.39 5.39 5.39 5.39 5.39 5.39 5.39 5.39 5.39 5.39 5.39 5.39 5.39 5.39 5.39 5.39 5.39 5.39 5.39 5.39 5.39 5.39 5.39 5.39 5.39 5.39 5.39 5.39 5.39 5.39 5.39 5.39 5.39 5.39 5.39 5.39 5.39 5.39 5.39 5.39 5.39 5.39 5.39 5.39 5.39 5.39 5.39 5.39 5.39 5.39 5.39 5.39 5.39 5.39 5.39 5.39 5.39 5.39 5.39 5.39 5.39 5.39 5.39 5.39 5.39 5.39 5.39 5.39 5.39 5.39 5.39 5.39 5.39 5.39 5.39 5.39 5.39 5.39 5.39 5.39 5.39 5.39 5.39 5.39 5.39 5.39 5.39 5.39 5.39 5.39 5.39 5.39 5.39 5.39 5.39 5.39 5.39 5.39 5.39 5.39 5.39 5.39 5.39 5.39 5.39 5.39 5.39 5.39 5.39 5.39 5.39 5.39 5.39 5.39 5.39 5.39 5.39 5.39 5.39 5.39 5.39 5.39 5.39 5.39 5.39 5.39 5.39 5.39 5.39 5.39 5.39 5.39 5.39 5.39 5.39 5.39 5.39 5.39 5.39 5.39 5.39 5.39 5.39 5.39 5.39 5.39 5.39 5.39 5.39 5.39 5.39 5.39 5.39 5.39 5.39 5.39 5.39 5.39 5.39 5.39 5.39 5.39 5.39 5.39 5.39 5.39 5.39 5.39 5.39 5.39 5.39 5.39 5.39 5.39 5.39 5.39 5.39 5.39 5.39 5.39 5.39 5.39 5.39 5.39 5.39 5.39 5.39 5.39 5.39 5.39 5.39 5.39 5.39 5.39 5.39 5.39 5.39 5.39 5.39 5.39 5.39 5.39 5.39 5.39 5.39 5.39 5.39 5.39 5.39 5.39 5.39 5.39 5.39 5.39 5.39 5.39 5.39 5.39 5.39 5.39 5.39 5.39 5.39 5.39 5.39 5.39 5.39 5.39 5.39 5.39 5.39 5.39 5.39 5.39 5.39 5.39 5.39 5.39 5.39 5.39 5.39 5.39 5.39 5.39 5.39 5.39 5.39 5.39 5.39 5.39 5.39 5.39 5.39 5.39 5.39 5.39 5.39 5.39 5.39 5.39 5.39 5.39 5.39 5.39 5.39 5.39 5.39 5.39
name               DischargeRegion_0_Port_3
index              4
type               Discharge
regionIndex        1
x_coordinate       10465
y_coordinate       19008
fixedPortFee       39
numBerths          1
maxAmountPerPeriod 215
minAmountPerPeriod 46
capacity           352
initialInventory   161
consumption        23 23 23 23 23 23 23 23 23 23 23 23 23 23 23 23 23 23 23 23 23 23 23 23 23 23 23 23 23 23 23 23 23 23 23 23 23 23 23 23 23 23 23 23 23 23 23 23 23 23 23 23 23 23 23 23 23 23 23 23 23 23 23 23 23 23 23 23 23 23 23 23 23 23 23 23 23 23 23 23 23 23 23 23 23 23 23 23 23 23 23 23 23 23 23 23 23 23 23 23 23 23 23 23 23 23 23 23 23 23 23 23 23 23 23 23 23 23 23 23 23 23 23 23 23 23 23 23 23 23 23 23 23 23 23 23 23 23 23 23 23 23 23 23 23 23 23 23 23 23 23 23 23 23 23 23 23 23 23 23 23 23 23 23 23 23 23 23 23 23 23 23 23 23 23 23 23 23 23 23 23 23 23 23 23 23 23 23 23 23 23 23 23 23 23 23 23 23 23 23 23 23 23 23 23 23 23 23 23 23 23 23 23 23 23 23 23 23 23 23 23 23 23 23 23 23 23 23 23 23 23 23 23 23 23 23 23 23 23 23 23 23 23 23 23 23 23 23 23 23 23 23 23 23 23 23 23 23 23 23 23 23 23 23 23 23 23 23 23 23 23 23 23 23 23 23 23 23 23 23 23 23 23 23 23 23 23 23 23 23 23 23 23 23 23 23 23 23 23 23 23 23 23 23 23 23 23 23 23 23 23 23 23 23 23 23 23 23 23 23 23 23 23 23 23 23 23 23 23 23 23 23 23 23 23 23 23 23 23 23 23 23 23 23 23 23 23 23 23 23 23 23 23 23 23 23 23 23 23 23
revenue            5.39 5.39 5.39 5.39 5.39 5.39 5.39 5.39 5.39 5.39 5.39 5.39 5.39 5.39 5.39 5.39 5.39 5.39 5.39 5.39 5.39 5.39 5.39 5.39 5.39 5.39 5.39 5.39 5.39 5.39 5.39 5.39 5.39 5.39 5.39 5.39 5.39 5.39 5.39 5.39 5.39 5.39 5.39 5.39 5.39 5.39 5.39 5.39 5.39 5.39 5.39 5.39 5.39 5.39 5.39 5.39 5.39 5.39 5.39 5.39 5.39 5.39 5.39 5.39 5.39 5.39 5.39 5.39 5.39 5.39 5.39 5.39 5.39 5.39 5.39 5.39 5.39 5.39 5.39 5.39 5.39 5.39 5.39 5.39 5.39 5.39 5.39 5.39 5.39 5.39 5.39 5.39 5.39 5.39 5.39 5.39 5.39 5.39 5.39 5.39 5.39 5.39 5.39 5.39 5.39 5.39 5.39 5.39 5.39 5.39 5.39 5.39 5.39 5.39 5.39 5.39 5.39 5.39 5.39 5.39 5.39 5.39 5.39 5.39 5.39 5.39 5.39 5.39 5.39 5.39 5.39 5.39 5.39 5.39 5.39 5.39 5.39 5.39 5.39 5.39 5.39 5.39 5.39 5.39 5.39 5.39 5.39 5.39 5.39 5.39 5.39 5.39 5.39 5.39 5.39 5.39 5.39 5.39 5.39 5.39 5.39 5.39 5.39 5.39 5.39 5.39 5.39 5.39 5.39 5.39 5.39 5.39 5.39 5.39 5.39 5.39 5.39 5.39 5.39 5.39 5.39 5.39 5.39 5.39 5.39 5.39 5.39 5.39 5.39 5.39 5.39 5.39 5.39 5.39 5.39 5.39 5.39 5.39 5.39 5.39 5.39 5.39 5.39 5.39 5.39 5.39 5.39 5.39 5.39 5.39 5.39 5.39 5.39 5.39 5.39 5.39 5.39 5.39 5.39 5.39 5.39 5.39 5.39 5.39 5.39 5.39 5.39 5.39 5.39 5.39 5.39 5.39 5.39 5.39 5.39 5.39 5.39 5.39 5.39 5.39 5.39 5.39 5.39 5.39 5.39 5.39 5.39 5.39 5.39 5.39 5.39 5.39 5.39 5.39 5.39 5.39 5.39 5.39 5.39 5.39 5.39 5.39 5.39 5.39 5.39 5.39 5.39 5.39 5.39 5.39 5.39 5.39 5.39 5.39 5.39 5.39 5.39 5.39 5.39 5.39 5.39 5.39 5.39 5.39 5.39 5.39 5.39 5.39 5.39 5.39 5.39 5.39 5.39 5.39 5.39 5.39 5.39 5.39 5.39 5.39 5.39 5.39 5.39 5.39 5.39 5.39 5.39 5.39 5.39 5.39 5.39 5.39 5.39 5.39 5.39 5.39 5.39 5.39 5.39 5.39 5.39 5.39 5.39 5.39 5.39 5.39 5.39 5.39 5.39 5.39 5.39 5.39 5.39 5.39 5.39 5.39 5.39 5.39 5.39 5.39 5.39 5.39 5.39 5.39 5.39 5.39 5.39 5.39 5.39 5.39 5.39 5.39 5.39 5.39 5.39 5.39 5.39 5.39 5.39 5.39
