name               DischargeRegion_0_Port_0
index              4
type               Discharge
regionIndex        2
x_coordinate       11039
y_coordinate       5119
fixedPortFee       10
numBerths          1
maxAmountPerPeriod 300
minAmountPerPeriod 75
capacity           462
initialInventory   165
consumption        33 33 33 33 33 33 33 34 34 34 34 34 34 34 35 35 35 35 35 35 35 35 35 32 32 32 32 32 32 32 33 33 33 33 33 33 33 33 33 33 33 33 33 33 33 33 33 33 33 33 33 33 33 33 33 33 33 33 33 33 33 33 33 33 33 33 33 33 33 33 33 33 33 33 33 33 33 33 33 33 33 33 33 33 33 33 33 33 33 33 33 33 33 33 33 33 33 33 33 33 33 33 33 33 33 33 33 33 33 33 33 33 33 33 33 33 33 33 33 33 33 33 33 33 33 33 33 33 33 33 33 33 33 33 33 33 33 33 33 33 33 33 33 33 33 33 33 33 33 33 33 33 33 33 33 33 33 33 33 33 33 33 33 33 33 33 33 33 33 33 33 33 33 33 33 33 33 33 33 33 33 33 33 33 33 33 33 33 33 33 33 33 33 33 33 33 33 33 33 33 33 33 33 33 33 33 33 33 33 33 33 33 33 33 33 33 33 33 33 33 33 33 33 33 33 33 33 33 33 33 33 33 33 33 33 33 33 33 33 33 33 33 33 33 33 33 33 33 33 33 33 33 33 33 33 33 33 33 33 33 33 33 33 33 33 33 33 33 33 33 33 33 33 33 33 33 33 33 33 33 33 33 33 33 33 33 33 33 33 33 33 33 33 33 33 33 33 33 33 33 33 33 33 33 33 33 33 33 33 33 33 33 33 33 33 33 33 33 33 33 33 33 33 33 33 33 33 33 33 33 33 33 33 33 33 33 33 33 33 33 33 33 33 33 33 33 33 33 33 33 33 33 33 33 33 33 33 33 33 33
revenue            5.42 5.42 5.42 5.42 5.42 5.42 5.42 5.42 5.42 5.42 5.42 5.42 5.42 5.42 5.42 5.42 5.42 5.42 5.42 5.42 5.42 5.42 5.42 5.42 5.42 5.42 5.42 5.42 5.42 5.42 5.42 5.42 5.42 5.42 5.42 5.42 5.42 5.42 5.42 5.42 5.42 5.42 5.42 5.42 5.42 5.42 5.42 5.42 5.42 5.42 5.42 5.42 5.42 5.42 5.42 5.42 5.42 5.42 5.42 5.42 5.42 5.42 5.42 5.42 5.42 5.42 5.42 5.42 5.42 5.42 5.42 5.42 5.42 5.42 5.42 5.42 5.42 5.42 5.42 5.42 5.42 5.42 5.42 5.42 5.42 5.42 5.42 5.42 5.42 5.42 5.42 5.42 5.42 5.42 5.42 5.42 5.42 5.42 5.42 5.42 5.42 5.42 5.42 5.42 5.42 5.42 5.42 5.42 5.42 5.42 5.42 5.42 5.42 5.42 5.42 5.42 5.42 5.42 5.42 5.42 5.42 5.42 5.42 5.42 5.42 5.42 5.42 5.42 5.42 5.42 5.42 5.42 5.42 5.42 5.42 5.42 5.42 5.42 5.42 5.42 5.42 5.42 5.42 5.42 5.42 5.42 5.42 5.42 5.42 5.42 5.42 5.42 5.42 5.42 5.42 5.42 5.42 5.42 5.42 5.42 5.42 5.42 5.42 5.42 5.42 5.42 5.42 5.42 5.42 5.42 5.42 5.42 5.42 5.42 5.42 5.42 5.42 5.42 5.42 5.42 5.42 5.42 5.42 5.42 5.42 5.42 5.42 5.42 5.42 5.42 5.42 5.42 5.42 5.42 5.42 5.42 5.42 5.42 5.42 5.42 5.42 5.42 5.42 5.42 5.42 5.42 5.42 5.42 5.42 5.42 5.42 5.42 5.42 5.42 5.42 5.42 5.42 5.42 5.42 5.42 5.42 5.42 5.42 5.42 5.42 5.42 5.42 5.42 5.42 5.42 5.42 5.42 5.42 5.42 5.42 5.42 5.42 5.42 5.42 5.42 5.42 5.42 5.42 5.42 5.42 5.42 5.42 5.42 5.42 5.42 5.42 5.42 5.42 5.42 5.42 5.42 5.42 5.42 5.42 5.42 5.42 5.42 5.42 5.42 5.42 5.42 5.42 5.42 5.42 5.42 5.42 5.42 5.42 5.42 5.42 5.42 5.42 5.42 5.42 5.42 5.42 5.42 5.42 5.42 5.42 5.42 5.42 5.42 5.42 5.42 5.42 5.42 5.42 5.42 5.42 5.42 5.42 5.42 5.42 5.42 5.42 5.42 5.42 5.42 5.42 5.42 5.42 5.42 5.42 5.42 5.42 5.42 5.42 5.42 5.42 5.42 5.42 5.42 5.42 5.42 5.42 5.42 5.42 5.42 5.42 5.42 5.42 5.42 5.42 5.42 5.42 5.42 5.42 5.42 5.42 5.42 5.42 5.42 5.42 5.42 5.42 5.42 5.42 5.42 5.42 5.42 5.42 5.42 5.42 5.42 5.42 5.42 5.42 5.42 5.42 5.42 5.42 5.42 5.42 5.42
name               DischargeRegion_0_Port_1
index              5
type               Discharge
regionIndex        2
x_coordinate       11085
y_coordinate       4883
fixedPortFee       41
numBerths          1
maxAmountPerPeriod 205
minAmountPerPeriod 75
capacity           189
initialInventory   63
consumption        21 21 21 22 22 23 23 24 25 25 25 24 24 24 23 23 25 25 26 26 26 25 25 23 22 21 21 21 21 21 21 21 21 21 21 21 21 21 21 21 21 21 21 21 21 21 21 21 21 21 21 21 21 21 21 21 21 21 21 21 21 21 21 21 21 21 21 21 21 21 21 21 21 21 21 21 21 21 21 21 21 21 21 21 21 21 21 21 21 21 21 21 21 21 21 21 21 21 21 21 21 21 21 21 21 21 21 21 21 21 21 21 21 21 21 21 21 21 21 21 21 21 21 21 21 21 21 21 21 21 21 21 21 21 21 21 21 21 21 21 21 21 21 21 21 21 21 21 21 21 21 21 21 21 21 21 21 21 21 21 21 21 21 21 21 21 21 21 21 21 21 21 21 21 21 21 21 21 21 21 21 21 21 21 21 21 21 21 21 21 21 21 21 21 21 21 21 21 21 21 21 21 21 21 21 21 21 21 21 21 21 21 21 21 21 21 21 21 21 21 21 21 21 21 21 21 21 21 21 21 21 21 21 21 21 21 21 21 21 21 21 21 21 21 21 21 21 21 21 21 21 21 21 21 21 21 21 21 21 21 21 21 21 21 21 21 21 21 21 21 21 21 21 21 21 21 21 21 21 21 21 21 21 21 21 21 21 21 21 21 21 21 21 21 21 21 21 21 21 21 21 21 21 21 21 21 21 21 21 21 21 21 21 21 21 21 21 21 21 21 21 21 21 21 21 21 21 21 21 21 21 21 21 21 21 21 21 21 21 21 21 21 21 21 21 21 21 21 21 21 21 21 21 21 21 21 21 21 21 21
revenue            5.42 5.42 5.42 5.42 5.42 5.42 5.42 5.42 5.42 5.42 5.42 5.42 5.42 5.42 5.42 5.42 5.42 5.42 5.42 5.42 5.42 5.42 5.42 5.42 5.42 5.42 5.42 5.42 5.42 5.42 5.42 5.42 5.42 5.42 5.42 5.42 5.42 5.42 5.42 5.42 5.42 5.42 5.42 5.42 5.42 5.42 5.42 5.42 5.42 5.42 5.42 5.42 5.42 5.42 5.42 5.42 5.42 5.42 5.42 5.42 5.42 5.42 5.42 5.42 5.42 5.42 5.42 5.42 5.42 5.42 5.42 5.42 5.42 5.42 5.42 5.42 5.42 5.42 5.42 5.42 5.42 5.42 5.42 5.42 5.42 5.42 5.42 5.42 5.42 5.42 5.42 5.42 5.42 5.42 5.42 5.42 5.42 5.42 5.42 5.42 5.42 5.42 5.42 5.42 5.42 5.42 5.42 5.42 5.42 5.42 5.42 5.42 5.42 5.42 5.42 5.42 5.42 5.42 5.42 5.42 5.42 5.42 5.42 5.42 5.42 5.42 5.42 5.42 5.42 5.42 5.42 5.42 5.42 5.42 5.42 5.42 5.42 5.42 5.42 5.42 5.42 5.42 5.42 5.42 5.42 5.42 5.42 5.42 5.42 5.42 5.42 5.42 5.42 5.42 5.42 5.42 5.42 5.42 5.42 5.42 5.42 5.42 5.42 5.42 5.42 5.42 5.42 5.42 5.42 5.42 5.42 5.42 5.42 5.42 5.42 5.42 5.42 5.42 5.42 5.42 5.42 5.42 5.42 5.42 5.42 5.42 5.42 5.42 5.42 5.42 5.42 5.42 5.42 5.42 5.42 5.42 5.42 5.42 5.42 5.42 5.42 5.42 5.42 5.42 5.42 5.42 5.42 5.42 5.42 5.42 5.42 5.42 5.42 5.42 5.42 5.42 5.42 5.42 5.42 5.42 5.42 5.42 5.42 5.42 5.42 5.42 5.42 5.42 5.42 5.42 5.42 5.42 5.42 5.42 5.42 5.42 5.42 5.42 5.42 5.42 5.42 5.42 5.42 5.42 5.42 5.42 5.42 5.42 5.42 5.42 5.42 5.42 5.42 5.42 5.42 5.42 5.42 5.42 5.42 5.42 5.42 5.42 5.42 5.42 5.42 5.42 5.42 5.42 5.42 5.42 5.42 5.42 5.42 5.42 5.42 5.42 5.42 5.42 5.42 5.42 5.42 5.42 5.42 5.42 5.42 5.42 5.42 5.42 5.42 5.42 5.42 5.42 5.42 5.42 5.42 5.42 5.42 5.42 5.42 5.42 5.42 5.42 5.42 5.42 5.42 5.42 5.42 5.42 5.42 5.42 5.42 5.42 5.42 5.42 5.42 5.42 5.42 5.42 5.42 5.42 5.42 5.42 5.42 5.42 5.42 5.42 5.42 5.42 5.42 5.42 5.42 5.42 5.42 5.42 5.42 5.42 5.42 5.42 5.42 5.42 5.42 5.42 5.42 5.42 5.42 5.42 5.42 5.42 5.42 5.42 5.42 5.42 5.42 5.42 5.42 5.42 5.42 5.42 5.42 5.42
name               DischargeRegion_0_Port_2
index              6
type               Discharge
regionIndex        2
x_coordinate       11093
y_coordinate       5048
fixedPortFee       49
numBerths          1
maxAmountPerPeriod 166
minAmountPerPeriod 54
capacity           140
initialInventory   70
consumption        12 12 12 12 12 12 12 12 12 12 12 13 13 14 14 14 15 15 15 15 15 12 12 12 11 11 10 10 10 11 11 11 11 12 12 12 12 12 12 12 12 12 12 12 12 12 12 12 12 12 12 12 12 12 12 12 12 12 12 12 12 12 12 12 12 12 12 12 12 12 12 12 12 12 12 12 12 12 12 12 12 12 12 12 12 12 12 12 12 12 12 12 12 12 12 12 12 12 12 12 12 12 12 12 12 12 12 12 12 12 12 12 12 12 12 12 12 12 12 12 12 12 12 12 12 12 12 12 12 12 12 12 12 12 12 12 12 12 12 12 12 12 12 12 12 12 12 12 12 12 12 12 12 12 12 12 12 12 12 12 12 12 12 12 12 12 12 12 12 12 12 12 12 12 12 12 12 12 12 12 12 12 12 12 12 12 12 12 12 12 12 12 12 12 12 12 12 12 12 12 12 12 12 12 12 12 12 12 12 12 12 12 12 12 12 12 12 12 12 12 12 12 12 12 12 12 12 12 12 12 12 12 12 12 12 12 12 12 12 12 12 12 12 12 12 12 12 12 12 12 12 12 12 12 12 12 12 12 12 12 12 12 12 12 12 12 12 12 12 12 12 12 12 12 12 12 12 12 12 12 12 12 12 12 12 12 12 12 12 12 12 12 12 12 12 12 12 12 12 12 12 12 12 12 12 12 12 12 12 12 12 12 12 12 12 12 12 12 12 12 12 12 12 12 12 12 12 12 12 12 12 12 12 12 12 12 12 12 12 12 12 12 12 12 12 12 12 12 12 12 12 12 12 12 12 12 12 12 12 12
revenue            5.42 5.42 5.42 5.42 5.42 5.42 5.42 5.42 5.42 5.42 5.42 5.42 5.42 5.42 5.42 5.42 5.42 5.42 5.42 5.42 5.42 5.42 5.42 5.42 5.42 5.42 5.42 5.42 5.42 5.42 5.42 5.42 5.42 5.42 5.42 5.42 5.42 5.42 5.42 5.42 5.42 5.42 5.42 5.42 5.42 5.42 5.42 5.42 5.42 5.42 5.42 5.42 5.42 5.42 5.42 5.42 5.42 5.42 5.42 5.42 5.42 5.42 5.42 5.42 5.42 5.42 5.42 5.42 5.42 5.42 5.42 5.42 5.42 5.42 5.42 5.42 5.42 5.42 5.42 5.42 5.42 5.42 5.42 5.42 5.42 5.42 5.42 5.42 5.42 5.42 5.42 5.42 5.42 5.42 5.42 5.42 5.42 5.42 5.42 5.42 5.42 5.42 5.42 5.42 5.42 5.42 5.42 5.42 5.42 5.42 5.42 5.42 5.42 5.42 5.42 5.42 5.42 5.42 5.42 5.42 5.42 5.42 5.42 5.42 5.42 5.42 5.42 5.42 5.42 5.42 5.42 5.42 5.42 5.42 5.42 5.42 5.42 5.42 5.42 5.42 5.42 5.42 5.42 5.42 5.42 5.42 5.42 5.42 5.42 5.42 5.42 5.42 5.42 5.42 5.42 5.42 5.42 5.42 5.42 5.42 5.42 5.42 5.42 5.42 5.42 5.42 5.42 5.42 5.42 5.42 5.42 5.42 5.42 5.42 5.42 5.42 5.42 5.42 5.42 5.42 5.42 5.42 5.42 5.42 5.42 5.42 5.42 5.42 5.42 5.42 5.42 5.42 5.42 5.42 5.42 5.42 5.42 5.42 5.42 5.42 5.42 5.42 5.42 5.42 5.42 5.42 5.42 5.42 5.42 5.42 5.42 5.42 5.42 5.42 5.42 5.42 5.42 5.42 5.42 5.42 5.42 5.42 5.42 5.42 5.42 5.42 5.42 5.42 5.42 5.42 5.42 5.42 5.42 5.42 5.42 5.42 5.42 5.42 5.42 5.42 5.42 5.42 5.42 5.42 5.42 5.42 5.42 5.42 5.42 5.42 5.42 5.42 5.42 5.42 5.42 5.42 5.42 5.42 5.42 5.42 5.42 5.42 5.42 5.42 5.42 5.42 5.42 5.42 5.42 5.42 5.42 5.42 5.42 5.42 5.42 5.42 5.42 5.42 5.42 5.42 5.42 5.42 5.42 5.42 5.42 5.42 5.42 5.42 5.42 5.42 5.42 5.42 5.42 5.42 5.42 5.42 5.42 5.42 5.42 5.42 5.42 5.42 5.42 5.42 5.42 5.42 5.42 5.42 5.42 5.42 5.42 5.42 5.42 5.42 5.42 5.42 5.42 5.42 5.42 5.42 5.42 5.42 5.42 5.42 5.42 5.42 5.42 5.42 5.42 5.42 5.42 5.42 5.42 5.42 5.42 5.42 5.42 5.42 5.42 5.42 5.42 5.42 5.42 5.42 5.42 5.42 5.42 5.42 5.42 5.42 5.42 5.42 5.42 5.42 5.42 5.42 5.42 5.42 5.42 5.42
name               DischargeRegion_1_Port_0
index              7
type               Discharge
regionIndex        3
x_coordinate       10254
y_coordinate       17559
fixedPortFee       69
numBerths          1
maxAmountPerPeriod 220
minAmountPerPeriod 100
capacity           243
initialInventory   108
consumption        27 26 26 25 25 24 24 25 25 26 26 27 27 27 27 27 27 27 27 27 27 27 27 27 27 27 27 27 27 27 27 27 27 27 27 27 27 27 27 26 25 26 27 29 28 27 27 27 27 27 27 27 27 27 27 27 27 27 27 27 27 27 27 27 27 27 27 27 27 27 27 27 27 27 27 27 27 27 27 27 27 27 27 27 27 27 27 27 27 27 27 27 27 27 27 27 27 27 27 27 27 27 27 27 27 27 27 27 27 27 27 27 27 27 27 27 27 27 27 27 27 27 27 27 27 27 27 27 27 27 27 27 27 27 27 27 27 27 27 27 27 27 27 27 27 27 27 27 27 27 27 27 27 27 27 27 27 27 27 27 27 27 27 27 27 27 27 27 27 27 27 27 27 27 27 27 27 27 27 27 27 27 27 27 27 27 27 27 27 27 27 27 27 27 27 27 27 27 27 27 27 27 27 27 27 27 27 27 27 27 27 27 27 27 27 27 27 27 27 27 27 27 27 27 27 27 27 27 27 27 27 27 27 27 27 27 27 27 27 27 27 27 27 27 27 27 27 27 27 27 27 27 27 27 27 27 27 27 27 27 27 27 27 27 27 27 27 27 27 27 27 27 27 27 27 27 27 27 27 27 27 27 27 27 27 27 27 27 27 27 27 27 27 27 27 27 27 27 27 27 27 27 27 27 27 27 27 27 27 27 27 27 27 27 27 27 27 27 27 27 27 27 27 27 27 27 27 27 27 27 27 27 27 27 27 27 27 27 27 27 27 27 27 27 27 27 27 27 27 27 27 27 27 27 27 27 27 27 27 27
revenue            5.41 5.41 5.41 5.41 5.41 5.41 5.41 5.41 5.41 5.41 5.41 5.41 5.41 5.41 5.41 5.41 5.41 5.41 5.41 5.41 5.41 5.41 5.41 5.41 5.41 5.41 5.41 5.41 5.41 5.41 5.41 5.41 5.41 5.41 5.41 5.41 5.41 5.41 5.41 5.41 5.41 5.41 5.41 5.41 5.41 5.41 5.41 5.41 5.41 5.41 5.41 5.41 5.41 5.41 5.41 5.41 5.41 5.41 5.41 5.41 5.41 5.41 5.41 5.41 5.41 5.41 5.41 5.41 5.41 5.41 5.41 5.41 5.41 5.41 5.41 5.41 5.41 5.41 5.41 5.41 5.41 5.41 5.41 5.41 5.41 5.41 5.41 5.41 5.41 5.41 5.41 5.41 5.41 5.41 5.41 5.41 5.41 5.41 5.41 5.41 5.41 5.41 5.41 5.41 5.41 5.41 5.41 5.41 5.41 5.41 5.41 5.41 5.41 5.41 5.41 5.41 5.41 5.41 5.41 5.41 5.41 5.41 5.41 5.41 5.41 5.41 5.41 5.41 5.41 5.41 5.41 5.41 5.41 5.41 5.41 5.41 5.41 5.41 5.41 5.41 5.41 5.41 5.41 5.41 5.41 5.41 5.41 5.41 5.41 5.41 5.41 5.41 5.41 5.41 5.41 5.41 5.41 5.41 5.41 5.41 5.41 5.41 5.41 5.41 5.41 5.41 5.41 5.41 5.41 5.41 5.41 5.41 5.41 5.41 5.41 5.41 5.41 5.41 5.41 5.41 5.41 5.41 5.41 5.41 5.41 5.41 5.41 5.41 5.41 5.41 5.41 5.41 5.41 5.41 5.41 5.41 5.41 5.41 5.41 5.41 5.41 5.41 5.41 5.41 5.41 5.41 5.41 5.41 5.41 5.41 5.41 5.41 5.41 5.41 5.41 5.41 5.41 5.41 5.41 5.41 5.41 5.41 5.41 5.41 5.41 5.41 5.41 5.41 5.41 5.41 5.41 5.41 5.41 5.41 5.41 5.41 5.41 5.41 5.41 5.41 5.41 5.41 5.41 5.41 5.41 5.41 5.41 5.41 5.41 5.41 5.41 5.41 5.41 5.41 5.41 5.41 5.41 5.41 5.41 5.41 5.41 5.41 5.41 5.41 5.41 5.41 5.41 5.41 5.41 5.41 5.41 5.41 5.41 5.41 5.41 5.41 5.41 5.41 5.41 5.41 5.41 5.41 5.41 5.41 5.41 5.41 5.41 5.41 5.41 5.41 5.41 5.41 5.41 5.41 5.41 5.41 5.41 5.41 5.41 5.41 5.41 5.41 5.41 5.41 5.41 5.41 5.41 5.41 5.41 5.41 5.41 5.41 5.41 5.41 5.41 5.41 5.41 5.41 5.41 5.41 5.41 5.41 5.41 5.41 5.41 5.41 5.41 5.41 5.41 5.41 5.41 5.41 5.41 5.41 5.41 5.41 5.41 5.41 5.41 5.41 5.41 5.41 5.41 5.41 5.41 5.41 5.41 5.41 5.41 5.41 5.41 5.41 5.41 5.41 5.41 5.41 5.41 5.41 5.41 5.41
name               DischargeRegion_1_Port_1
index              8
type               Discharge
regionIndex        3
x_coordinate       10321
y_coordinate       17120
fixedPortFee       32
numBerths          1
maxAmountPerPeriod 184
minAmountPerPeriod 70
capacity           168
initialInventory   0
consumption        21 21 21 21 21 21 21 21 21 21 21 21 21 21 21 21 21 21 21 21 21 21 21 21 21 21 21 21 21 21 21 21 21 21 21 21 21 21 21 21 21 21 21 21 21 21 21 21 21 21 21 21 21 21 21 21 21 21 21 21 21 21 21 21 21 21 21 21 21 21 21 21 21 21 21 21 21 21 21 21 21 21 21 21 21 21 21 21 21 21 21 21 21 21 21 21 21 21 21 21 21 21 21 21 21 21 21 21 21 21 21 21 21 21 21 21 21 21 21 21 21 21 21 21 21 21 21 21 21 21 21 21 21 21 21 21 21 21 21 21 21 21 21 21 21 21 21 21 21 21 21 21 21 21 21 21 21 21 21 21 21 21 21 21 21 21 21 21 21 21 21 21 21 21 21 21 21 21 21 21 21 21 21 21 21 21 21 21 21 21 21 21 21 21 21 21 21 21 21 21 21 21 21 21 21 21 21 21 21 21 21 21 21 21 21 21 21 21 21 21 21 21 21 21 21 21 21 21 21 21 21 21 21 21 21 21 21 21 21 21 21 21 21 21 21 21 21 21 21 21 21 21 21 21 21 21 21 21 21 21 21 21 21 21 21 21 21 21 21 21 21 21 21 21 21 21 21 21 21 21 21 21 21 21 21 21 21 21 21 21 21 21 21 21 21 21 21 21 21 21 21 21 21 21 21 21 21 21 21 21 21 21 21 21 21 21 21 21 21 21 21 21 21 21 21 21 21 21 21 21 21 21 21 21 21 21 21 21 21 21 21 21 21 21 21 21 21 21 21 21 21 21 21 21 21 21 21 21 21 21
revenue            5.41 5.41 5.41 5.41 5.41 5.41 5.41 5.41 5.41 5.41 5.41 5.41 5.41 5.41 5.41 5.41 5.41 5.41 5.41 5.41 5.41 5.41 5.41 5.41 5.41 5.41 5.41 5.41 5.41 5.41 5.41 5.41 5.41 5.41 5.41 5.41 5.41 5.41 5.41 5.41 5.41 5.41 5.41 5.41 5.41 5.41 5.41 5.41 5.41 5.41 5.41 5.41 5.41 5.41 5.41 5.41 5.41 5.41 5.41 5.41 5.41 5.41 5.41 5.41 5.41 5.41 5.41 5.41 5.41 5.41 5.41 5.41 5.41 5.41 5.41 5.41 5.41 5.41 5.41 5.41 5.41 5.41 5.41 5.41 5.41 5.41 5.41 5.41 5.41 5.41 5.41 5.41 5.41 5.41 5.41 5.41 5.41 5.41 5.41 5.41 5.41 5.41 5.41 5.41 5.41 5.41 5.41 5.41 5.41 5.41 5.41 5.41 5.41 5.41 5.41 5.41 5.41 5.41 5.41 5.41 5.41 5.41 5.41 5.41 5.41 5.41 5.41 5.41 5.41 5.41 5.41 5.41 5.41 5.41 5.41 5.41 5.41 5.41 5.41 5.41 5.41 5.41 5.41 5.41 5.41 5.41 5.41 5.41 5.41 5.41 5.41 5.41 5.41 5.41 5.41 5.41 5.41 5.41 5.41 5.41 5.41 5.41 5.41 5.41 5.41 5.41 5.41 5.41 5.41 5.41 5.41 5.41 5.41 5.41 5.41 5.41 5.41 5.41 5.41 5.41 5.41 5.41 5.41 5.41 5.41 5.41 5.41 5.41 5.41 5.41 5.41 5.41 5.41 5.41 5.41 5.41 5.41 5.41 5.41 5.41 5.41 5.41 5.41 5.41 5.41 5.41 5.41 5.41 5.41 5.41 5.41 5.41 5.41 5.41 5.41 5.41 5.41 5.41 5.41 5.41 5.41 5.41 5.41 5.41 5.41 5.41 5.41 5.41 5.41 5.41 5.41 5.41 5.41 5.41 5.41 5.41 5.41 5.41 5.41 5.41 5.41 5.41 5.41 5.41 5.41 5.41 5.41 5.41 5.41 5.41 5.41 5.41 5.41 5.41 5.41 5.41 5.41 5.41 5.41 5.41 5.41 5.41 5.41 5.41 5.41 5.41 5.41 5.41 5.41 5.41 5.41 5.41 5.41 5.41 5.41 5.41 5.41 5.41 5.41 5.41 5.41 5.41 5.41 5.41 5.41 5.41 5.41 5.41 5.41 5.41 5.41 5.41 5.41 5.41 5.41 5.41 5.41 5.41 5.41 5.41 5.41 5.41 5.41 5.41 5.41 5.41 5.41 5.41 5.41 5.41 5.41 5.41 5.41 5.41 5.41 5.41 5.41 5.41 5.41 5.41 5.41 5.41 5.41 5.41 5.41 5.41 5.41 5.41 5.41 5.41 5.41 5.41 5.41 5.41 5.41 5.41 5.41 5.41 5.41 5.41 5.41 5.41 5.41 5.41 5.41 5.41 5.41 5.41 5.41 5.41 5.41 5.41 5.41 5.41 5.41 5.41 5.41 5.41 5.41 5.41
name               DischargeRegion_1_Port_2
index              9
type               Discharge
regionIndex        3
x_coordinate       9632
y_coordinate       16612
fixedPortFee       41
numBerths          1
maxAmountPerPeriod 180
minAmountPerPeriod 90
capacity           165
initialInventory   30
consumption        15 15 15 15 15 15 15 15 15 15 15 15 15 15 15 15 15 15 15 15 15 15 15 15 15 15 15 15 15 15 15 15 15 15 15 15 15 15 15 15 15 15 15 15 15 15 15 15 15 15 15 15 15 15 15 15 15 15 15 15 15 15 15 15 15 15 15 15 15 15 15 15 15 15 15 15 15 15 15 15 15 15 15 15 15 15 15 15 15 15 15 15 15 15 15 15 15 15 15 15 15 15 15 15 15 15 15 15 15 15 15 15 15 15 15 15 15 15 15 15 15 15 15 15 15 15 15 15 15 15 15 15 15 15 15 15 15 15 15 15 15 15 15 15 15 15 15 15 15 15 15 15 15 15 15 15 15 15 15 15 15 15 15 15 15 15 15 15 15 15 15 15 15 15 15 15 15 15 15 15 15 15 15 15 15 15 15 15 15 15 15 15 15 15 15 15 15 15 15 15 15 15 15 15 15 15 15 15 15 15 15 15 15 15 15 15 15 15 15 15 15 15 15 15 15 15 15 15 15 15 15 15 15 15 15 15 15 15 15 15 15 15 15 15 15 15 15 15 15 15 15 15 15 15 15 15 15 15 15 15 15 15 15 15 15 15 15 15 15 15 15 15 15 15 15 15 15 15 15 15 15 15 15 15 15 15 15 15 15 15 15 15 15 15 15 15 15 15 15 15 15 15 15 15 15 15 15 15 15 15 15 15 15 15 15 15 15 15 15 15 15 15 15 15 15 15 15 15 15 15 15 15 15 15 15 15 15 15 15 15 15 15 15 15 15 15 15 15 15 15 15 15 15 15 15 15 15 15 15 15
revenue            5.41 5.41 5.41 5.41 5.41 5.41 5.41 5.41 5.41 5.41 5.41 5.41 5.41 5.41 5.41 5.41 5.41 5.41 5.41 5.41 5.41 5.41 5.41 5.41 5.41 5.41 5.41 5.41 5.41 5.41 5.41 5.41 5.41 5.41 5.41 5.41 5.41 5.41 5.41 5.41 5.41 5.41 5.41 5.41 5.41 5.41 5.41 5.41 5.41 5.41 5.41 5.41 5.41 5.41 5.41 5.41 5.41 5.41 5.41 5.41 5.41 5.41 5.41 5.41 5.41 5.41 5.41 5.41 5.41 5.41 5.41 5.41 5.41 5.41 5.41 5.41 5.41 5.41 5.41 5.41 5.41 5.41 5.41 5.41 5.41 5.41 5.41 5.41 5.41 5.41 5.41 5.41 5.41 5.41 5.41 5.41 5.41 5.41 5.41 5.41 5.41 5.41 5.41 5.41 5.41 5.41 5.41 5.41 5.41 5.41 5.41 5.41 5.41 5.41 5.41 5.41 5.41 5.41 5.41 5.41 5.41 5.41 5.41 5.41 5.41 5.41 5.41 5.41 5.41 5.41 5.41 5.41 5.41 5.41 5.41 5.41 5.41 5.41 5.41 5.41 5.41 5.41 5.41 5.41 5.41 5.41 5.41 5.41 5.41 5.41 5.41 5.41 5.41 5.41 5.41 5.41 5.41 5.41 5.41 5.41 5.41 5.41 5.41 5.41 5.41 5.41 5.41 5.41 5.41 5.41 5.41 5.41 5.41 5.41 5.41 5.41 5.41 5.41 5.41 5.41 5.41 5.41 5.41 5.41 5.41 5.41 5.41 5.41 5.41 5.41 5.41 5.41 5.41 5.41 5.41 5.41 5.41 5.41 5.41 5.41 5.41 5.41 5.41 5.41 5.41 5.41 5.41 5.41 5.41 5.41 5.41 5.41 5.41 5.41 5.41 5.41 5.41 5.41 5.41 5.41 5.41 5.41 5.41 5.41 5.41 5.41 5.41 5.41 5.41 5.41 5.41 5.41 5.41 5.41 5.41 5.41 5.41 5.41 5.41 5.41 5.41 5.41 5.41 5.41 5.41 5.41 5.41 5.41 5.41 5.41 5.41 5.41 5.41 5.41 5.41 5.41 5.41 5.41 5.41 5.41 5.41 5.41 5.41 5.41 5.41 5.41 5.41 5.41 5.41 5.41 5.41 5.41 5.41 5.41 5.41 5.41 5.41 5.41 5.41 5.41 5.41 5.41 5.41 5.41 5.41 5.41 5.41 5.41 5.41 5.41 5.41 5.41 5.41 5.41 5.41 5.41 5.41 5.41 5.41 5.41 5.41 5.41 5.41 5.41 5.41 5.41 5.41 5.41 5.41 5.41 5.41 5.41 5.41 5.41 5.41 5.41 5.41 5.41 5.41 5.41 5.41 5.41 5.41 5.41 5.41 5.41 5.41 5.41 5.41 5.41 5.41 5.41 5.41 5.41 5.41 5.41 5.41 5.41 5.41 5.41 5.41 5.41 5.41 5.41 5.41 5.41 5.41 5.41 5.41 5.41 5.41 5.41 5.41 5.41 5.41 5.41 5.41 5.41 5.41 5.41
name               DischargeRegion_2_Port_0
index              10
type               Discharge
regionIndex        4
x_coordinate       15971
y_coordinate       12112
fixedPortFee       75
numBerths          1
maxAmountPerPeriod 205
minAmountPerPeriod 95
capacity           210
initialInventory   42
consumption        21 21 21 21 19 19 19 19 19 19 19 19 20 20 20 20 20 20 20 21 21 21 21 21 21 21 22 22 22 22 22 22 22 23 23 23 23 23 23 22 22 22 21 21 21 21 21 21 19 19 19 19 19 19 19 19 20 20 20 20 20 20 20 21 21 21 21 21 21 21 21 21 21 21 21 21 21 21 21 21 21 21 21 21 21 21 21 21 21 21 21 21 21 21 21 21 21 21 21 21 21 21 21 21 21 21 21 21 21 21 21 21 21 21 21 21 21 21 21 21 21 21 21 21 21 21 21 21 21 21 21 21 21 21 21 21 21 21 21 21 21 21 21 21 21 21 21 21 21 21 21 21 21 21 21 21 21 21 21 21 21 21 21 21 21 21 21 21 21 21 21 21 21 21 21 21 21 21 21 21 21 21 21 21 21 21 21 21 21 21 21 21 21 21 21 21 21 21 21 21 21 21 21 21 21 21 21 21 21 21 21 21 21 21 21 21 21 21 21 21 21 21 21 21 21 21 21 21 21 21 21 21 21 21 21 21 21 21 21 21 21 21 21 21 21 21 21 21 21 21 21 21 21 21 21 21 21 21 21 21 21 21 21 21 21 21 21 21 21 21 21 21 21 21 21 21 21 21 21 21 21 21 21 21 21 21 21 21 21 21 21 21 21 21 21 21 21 21 21 21 21 21 21 21 21 21 21 21 21 21 21 21 21 21 21 21 21 21 21 21 21 21 21 21 21 21 21 21 21 21 21 21 21 21 21 21 21 21 21 21 21 21 21 21 21 21 21 21 21 21 21 21 21 21 21 21 21 21 21 21
revenue            5.12 5.12 5.12 5.12 5.12 5.12 5.12 5.12 5.12 5.12 5.12 5.12 5.12 5.12 5.12 5.12 5.12 5.12 5.12 5.12 5.12 5.12 5.12 5.12 5.12 5.12 5.12 5.12 5.12 5.12 5.12 5.12 5.12 5.12 5.12 5.12 5.12 5.12 5.12 5.12 5.12 5.12 5.12 5.12 5.12 5.12 5.12 5.12 5.12 5.12 5.12 5.12 5.12 5.12 5.12 5.12 5.12 5.12 5.12 5.12 5.12 5.12 5.12 5.12 5.12 5.12 5.12 5.12 5.12 5.12 5.12 5.12 5.12 5.12 5.12 5.12 5.12 5.12 5.12 5.12 5.12 5.12 5.12 5.12 5.12 5.12 5.12 5.12 5.12 5.12 5.12 5.12 5.12 5.12 5.12 5.12 5.12 5.12 5.12 5.12 5.12 5.12 5.12 5.12 5.12 5.12 5.12 5.12 5.12 5.12 5.12 5.12 5.12 5.12 5.12 5.12 5.12 5.12 5.12 5.12 5.12 5.12 5.12 5.12 5.12 5.12 5.12 5.12 5.12 5.12 5.12 5.12 5.12 5.12 5.12 5.12 5.12 5.12 5.12 5.12 5.12 5.12 5.12 5.12 5.12 5.12 5.12 5.12 5.12 5.12 5.12 5.12 5.12 5.12 5.12 5.12 5.12 5.12 5.12 5.12 5.12 5.12 5.12 5.12 5.12 5.12 5.12 5.12 5.12 5.12 5.12 5.12 5.12 5.12 5.12 5.12 5.12 5.12 5.12 5.12 5.12 5.12 5.12 5.12 5.12 5.12 5.12 5.12 5.12 5.12 5.12 5.12 5.12 5.12 5.12 5.12 5.12 5.12 5.12 5.12 5.12 5.12 5.12 5.12 5.12 5.12 5.12 5.12 5.12 5.12 5.12 5.12 5.12 5.12 5.12 5.12 5.12 5.12 5.12 5.12 5.12 5.12 5.12 5.12 5.12 5.12 5.12 5.12 5.12 5.12 5.12 5.12 5.12 5.12 5.12 5.12 5.12 5.12 5.12 5.12 5.12 5.12 5.12 5.12 5.12 5.12 5.12 5.12 5.12 5.12 5.12 5.12 5.12 5.12 5.12 5.12 5.12 5.12 5.12 5.12 5.12 5.12 5.12 5.12 5.12 5.12 5.12 5.12 5.12 5.12 5.12 5.12 5.12 5.12 5.12 5.12 5.12 5.12 5.12 5.12 5.12 5.12 5.12 5.12 5.12 5.12 5.12 5.12 5.12 5.12 5.12 5.12 5.12 5.12 5.12 5.12 5.12 5.12 5.12 5.12 5.12 5.12 5.12 5.12 5.12 5.12 5.12 5.12 5.12 5.12 5.12 5.12 5.12 5.12 5.12 5.12 5.12 5.12 5.12 5.12 5.12 5.12 5.12 5.12 5.12 5.12 5.12 5.12 5.12 5.12 5.12 5.12 5.12 5.12 5.12 5.12 5.12 5.12 5.12 5.12 5.12 5.12 5.12 5.12 5.12 5.12 5.12 5.12 5.12 5.12 5.12 5.12 5.12 5.12 5.12 5.12 5.12 5.12 5.12 5.12
name               DischargeRegion_2_Port_1
index              11
type               Discharge
regionIndex        4
x_coordinate       16285
y_coordinate       12770
fixedPortFee       89
numBerths          1
maxAmountPerPeriod 186
minAmountPerPeriod 80
capacity           216
initialInventory   108
consumption        18 18 18 18 18 16 16 16 16 16 16 16 16 16 18 18 18 18 18 18 18 18 20 20 20 20 20 20 20 18 18 18 18 18 18 18 18 18 18 18 18 18 18 18 18 18 18 18 18 18 18 18 18 18 18 18 18 18 18 18 18 18 18 18 18 18 18 18 18 18 18 18 18 18 18 18 18 18 18 18 18 18 18 18 18 18 18 18 18 18 18 18 18 18 18 18 18 18 18 18 18 18 18 18 18 18 18 18 18 18 18 18 18 18 18 18 18 18 18 18 18 18 18 18 18 18 18 18 18 18 18 18 18 18 18 18 18 18 18 18 18 18 18 18 18 18 18 18 18 18 18 18 18 18 18 18 18 18 18 18 18 18 18 18 18 18 18 18 18 18 18 18 18 18 18 18 18 18 18 18 18 18 18 18 18 18 18 18 18 18 18 18 18 18 18 18 18 18 18 18 18 18 18 18 18 18 18 18 18 18 18 18 18 18 18 18 18 18 18 18 18 18 18 18 18 18 18 18 18 18 18 18 18 18 18 18 18 18 18 18 18 18 18 18 18 18 18 18 18 18 18 18 18 18 18 18 18 18 18 18 18 18 18 18 18 18 18 18 18 18 18 18 18 18 18 18 18 18 18 18 18 18 18 18 18 18 18 18 18 18 18 18 18 18 18 18 18 18 18 18 18 18 18 18 18 18 18 18 18 18 18 18 18 18 18 18 18 18 18 18 18 18 18 18 18 18 18 18 18 18 18 18 18 18 18 18 18 18 18 18 18 18 18 18 18 18 18 18 18 18 18 18 18 18 18 18 18 18 18 18
revenue            5.12 5.12 5.12 5.12 5.12 5.12 5.12 5.12 5.12 5.12 5.12 5.12 5.12 5.12 5.12 5.12 5.12 5.12 5.12 5.12 5.12 5.12 5.12 5.12 5.12 5.12 5.12 5.12 5.12 5.12 5.12 5.12 5.12 5.12 5.12 5.12 5.12 5.12 5.12 5.12 5.12 5.12 5.12 5.12 5.12 5.12 5.12 5.12 5.12 5.12 5.12 5.12 5.12 5.12 5.12 5.12 5.12 5.12 5.12 5.12 5.12 5.12 5.12 5.12 5.12 5.12 5.12 5.12 5.12 5.12 5.12 5.12 5.12 5.12 5.12 5.12 5.12 5.12 5.12 5.12 5.12 5.12 5.12 5.12 5.12 5.12 5.12 5.12 5.12 5.12 5.12 5.12 5.12 5.12 5.12 5.12 5.12 5.12 5.12 5.12 5.12 5.12 5.12 5.12 5.12 5.12 5.12 5.12 5.12 5.12 5.12 5.12 5.12 5.12 5.12 5.12 5.12 5.12 5.12 5.12 5.12 5.12 5.12 5.12 5.12 5.12 5.12 5.12 5.12 5.12 5.12 5.12 5.12 5.12 5.12 5.12 5.12 5.12 5.12 5.12 5.12 5.12 5.12 5.12 5.12 5.12 5.12 5.12 5.12 5.12 5.12 5.12 5.12 5.12 5.12 5.12 5.12 5.12 5.12 5.12 5.12 5.12 5.12 5.12 5.12 5.12 5.12 5.12 5.12 5.12 5.12 5.12 5.12 5.12 5.12 5.12 5.12 5.12 5.12 5.12 5.12 5.12 5.12 5.12 5.12 5.12 5.12 5.12 5.12 5.12 5.12 5.12 5.12 5.12 5.12 5.12 5.12 5.12 5.12 5.12 5.12 5.12 5.12 5.12 5.12 5.12 5.12 5.12 5.12 5.12 5.12 5.12 5.12 5.12 5.12 5.12 5.12 5.12 5.12 5.12 5.12 5.12 5.12 5.12 5.12 5.12 5.12 5.12 5.12 5.12 5.12 5.12 5.12 5.12 5.12 5.12 5.12 5.12 5.12 5.12 5.12 5.12 5.12 5.12 5.12 5.12 5.12 5.12 5.12 5.12 5.12 5.12 5.12 5.12 5.12 5.12 5.12 5.12 5.12 5.12 5.12 5.12 5.12 5.12 5.12 5.12 5.12 5.12 5.12 5.12 5.12 5.12 5.12 5.12 5.12 5.12 5.12 5.12 5.12 5.12 5.12 5.12 5.12 5.12 5.12 5.12 5.12 5.12 5.12 5.12 5.12 5.12 5.12 5.12 5.12 5.12 5.12 5.12 5.12 5.12 5.12 5.12 5.12 5.12 5.12 5.12 5.12 5.12 5.12 5.12 5.12 5.12 5.12 5.12 5.12 5.12 5.12 5.12 5.12 5.12 5.12 5.12 5.12 5.12 5.12 5.12 5.12 5.12 5.12 5.12 5.12 5.12 5.12 5.12 5.12 5.12 5.12 5.12 5.12 5.12 5.12 5.12 5.12 5.12 5.12 5.12 5.12 5.12 5.12 5.12 5.12 5.12 5.12 5.12 5.12 5.12 5.12 5.12 5.12 5.12
name               DischargeRegion_2_Port_2
index              12
type               Discharge
regionIndex        4
x_coordinate       16101
y_coordinate       12495
fixedPortFee       57
numBerths          1
maxAmountPerPeriod 144
minAmountPerPeriod 60
capacity           132
initialInventory   132
consumption        12 12 12 12 12 12 12 12 12 12 12 12 12 12 12 12 12 12 12 12 12 12 12 12 12 12 12 12 12 12 12 12 12 12 12 12 12 12 12 12 12 12 12 12 12 12 12 12 12 12 12 12 12 12 12 12 12 12 12 12 12 12 12 12 12 12 12 12 12 12 12 12 12 12 12 12 12 12 12 12 12 12 12 12 12 12 12 12 12 12 12 12 12 12 12 12 12 12 12 12 12 12 12 12 12 12 12 12 12 12 12 12 12 12 12 12 12 12 12 12 12 12 12 12 12 12 12 12 12 12 12 12 12 12 12 12 12 12 12 12 12 12 12 12 12 12 12 12 12 12 12 12 12 12 12 12 12 12 12 12 12 12 12 12 12 12 12 12 12 12 12 12 12 12 12 12 12 12 12 12 12 12 12 12 12 12 12 12 12 12 12 12 12 12 12 12 12 12 12 12 12 12 12 12 12 12 12 12 12 12 12 12 12 12 12 12 12 12 12 12 12 12 12 12 12 12 12 12 12 12 12 12 12 12 12 12 12 12 12 12 12 12 12 12 12 12 12 12 12 12 12 12 12 12 12 12 12 12 12 12 12 12 12 12 12 12 12 12 12 12 12 12 12 12 12 12 12 12 12 12 12 12 12 12 12 12 12 12 12 12 12 12 12 12 12 12 12 12 12 12 12 12 12 12 12 12 12 12 12 12 12 12 12 12 12 12 12 12 12 12 12 12 12 12 12 12 12 12 12 12 12 12 12 12 12 12 12 12 12 12 12 12 12 12 12 12 12 12 12 12 12 12 12 12 12 12 12 12 12 12
revenue            5.12 5.12 5.12 5.12 5.12 5.12 5.12 5.12 5.12 5.12 5.12 5.12 5.12 5.12 5.12 5.12 5.12 5.12 5.12 5.12 5.12 5.12 5.12 5.12 5.12 5.12 5.12 5.12 5.12 5.12 5.12 5.12 5.12 5.12 5.12 5.12 5.12 5.12 5.12 5.12 5.12 5.12 5.12 5.12 5.12 5.12 5.12 5.12 5.12 5.12 5.12 5.12 5.12 5.12 5.12 5.12 5.12 5.12 5.12 5.12 5.12 5.12 5.12 5.12 5.12 5.12 5.12 5.12 5.12 5.12 5.12 5.12 5.12 5.12 5.12 5.12 5.12 5.12 5.12 5.12 5.12 5.12 5.12 5.12 5.12 5.12 5.12 5.12 5.12 5.12 5.12 5.12 5.12 5.12 5.12 5.12 5.12 5.12 5.12 5.12 5.12 5.12 5.12 5.12 5.12 5.12 5.12 5.12 5.12 5.12 5.12 5.12 5.12 5.12 5.12 5.12 5.12 5.12 5.12 5.12 5.12 5.12 5.12 5.12 5.12 5.12 5.12 5.12 5.12 5.12 5.12 5.12 5.12 5.12 5.12 5.12 5.12 5.12 5.12 5.12 5.12 5.12 5.12 5.12 5.12 5.12 5.12 5.12 5.12 5.12 5.12 5.12 5.12 5.12 5.12 5.12 5.12 5.12 5.12 5.12 5.12 5.12 5.12 5.12 5.12 5.12 5.12 5.12 5.12 5.12 5.12 5.12 5.12 5.12 5.12 5.12 5.12 5.12 5.12 5.12 5.12 5.12 5.12 5.12 5.12 5.12 5.12 5.12 5.12 5.12 5.12 5.12 5.12 5.12 5.12 5.12 5.12 5.12 5.12 5.12 5.12 5.12 5.12 5.12 5.12 5.12 5.12 5.12 5.12 5.12 5.12 5.12 5.12 5.12 5.12 5.12 5.12 5.12 5.12 5.12 5.12 5.12 5.12 5.12 5.12 5.12 5.12 5.12 5.12 5.12 5.12 5.12 5.12 5.12 5.12 5.12 5.12 5.12 5.12 5.12 5.12 5.12 5.12 5.12 5.12 5.12 5.12 5.12 5.12 5.12 5.12 5.12 5.12 5.12 5.12 5.12 5.12 5.12 5.12 5.12 5.12 5.12 5.12 5.12 5.12 5.12 5.12 5.12 5.12 5.12 5.12 5.12 5.12 5.12 5.12 5.12 5.12 5.12 5.12 5.12 5.12 5.12 5.12 5.12 5.12 5.12 5.12 5.12 5.12 5.12 5.12 5.12 5.12 5.12 5.12 5.12 5.12 5.12 5.12 5.12 5.12 5.12 5.12 5.12 5.12 5.12 5.12 5.12 5.12 5.12 5.12 5.12 5.12 5.12 5.12 5.12 5.12 5.12 5.12 5.12 5.12 5.12 5.12 5.12 5.12 5.12 5.12 5.12 5.12 5.12 5.12 5.12 5.12 5.12 5.12 5.12 5.12 5.12 5.12 5.12 5.12 5.12 5.12 5.12 5.12 5.12 5.12 5.12 5.12 5.12 5.12 5.12 5.12 5.12 5.12 5.12 5.12 5.12 5.12 5.12
